timestamp,coord_x_cm,coord_y_cm,coord_z_cm
1690174811.0,753.6,-480.7,139.9
1690174826.0,493.4,-280.0,89.4
1690174841.0,486.7,-307.1,145.5
1690174856.0,487.3,-272.8,86.1
1690174871.0,510.1,-203.1,113.3
1690174886.0,477.8,-130.3,110.2
1690174901.0,452.6,-258.7,125.5
1690174916.0,462.1,-241.3,110.6
1690174931.0,423.6,-241.0,100.2
1690174946.0,426.1,-252.8,71.8
1690174961.0,410.2,-232.5,65.4
1690174976.0,395.7,-279.3,107.5
1690174991.0,338.4,-129.9,85.1
1690175006.0,325.5,-61.6,92.4
1690175021.0,353.8,-79.0,63.3
1690175036.0,367.4,-58.8,75.3
1690175051.0,404.1,-65.0,106.5
1690175066.0,412.4,-112.0,155.8
1690175081.0,428.3,-72.3,106.6
1690175096.0,374.2,-55.5,78.7
1690175111.0,413.2,-64.2,73.3
1690175126.0,349.9,-48.0,93.5
1690175141.0,426.8,-34.8,115.4
1690175156.0,406.8,-6.7,87.7
1690175171.0,384.8,-14.3,99.5
1690175186.0,384.6,-16.0,83.8
1690175201.0,384.3,-6.1,81.1
1690175216.0,389.0,-14.2,93.8
1690175231.0,387.4,-11.7,92.8
1690175246.0,387.3,-9.8,93.8
1690175261.0,388.5,-5.4,86.9
1690175276.0,381.3,-7.6,89.4
1690175291.0,381.0,-11.4,93.9
1690175321.0,382.4,-15.8,95.0
1690175336.0,370.6,-18.5,95.4
1690175351.0,386.8,-12.9,88.4
1690175366.0,379.8,-14.6,78.3
1690175381.0,381.6,-9.8,87.7
1690175396.0,371.2,-18.3,94.3
1690175411.0,379.4,-14.3,88.6
1690175426.0,384.7,4.0,74.4
1690175441.0,378.1,7.0,79.9
1690175456.0,373.9,3.4,95.7
1690175471.0,365.7,11.5,78.5
1690175486.0,439.8,-17.1,59.8
1690175501.0,445.9,-18.8,53.3
1690175516.0,380.3,6.1,33.0
1690175531.0,429.4,-17.2,32.3
1690175546.0,400.4,1.6,34.6
1690175561.0,395.9,0.7,36.9
1690175576.0,427.9,-14.7,29.5
1690175591.0,415.8,-17.7,42.0
1690175606.0,407.4,10.5,59.1
1690175621.0,388.5,3.1,55.9
1690175636.0,381.8,10.3,44.1
1690175651.0,386.7,2.9,47.8
1690175666.0,384.3,4.3,42.1
1690175681.0,383.5,8.1,39.0
1690175696.0,380.5,7.6,39.6
1690175711.0,386.2,3.5,32.8
1690175726.0,380.6,9.6,40.4
1690175741.0,nan,nan,nan
1690175756.0,375.9,9.8,43.6
1690175771.0,385.8,3.9,40.1
1690175786.0,nan,nan,nan
1690175801.0,nan,nan,nan
1690175816.0,402.6,6.3,61.5
1690175831.0,404.2,3.7,23.9
1690175846.0,nan,nan,nan
1690175861.0,nan,nan,nan
1690175876.0,nan,nan,nan
1690175891.0,375.0,12.3,33.9
1690175906.0,379.2,-18.6,94.9
1690175921.0,383.9,-16.2,94.1
1690175936.0,387.7,-8.9,93.6
1690175951.0,384.1,-8.8,97.8
1690175966.0,377.7,-11.1,96.4
1690175981.0,329.9,-12.5,64.5
1690175996.0,368.8,-8.7,92.1
1690176011.0,367.1,-14.7,89.6
1690176026.0,376.8,-9.7,95.5
1690176041.0,393.8,-17.3,86.8
1690176056.0,389.0,-11.8,90.1
1690176071.0,388.0,-16.7,88.4
1690176086.0,386.6,-19.2,92.4
1690176101.0,380.4,-10.0,76.7
1690176116.0,376.6,-10.0,87.9
1690176131.0,371.4,-16.2,81.6
1690176146.0,367.7,-19.1,74.6
1690176161.0,379.7,-11.9,83.6
1690176176.0,382.1,-14.9,82.2
1690176191.0,384.6,-11.7,88.2
1690176206.0,387.7,-18.0,94.4
1690176221.0,390.3,-15.7,85.3
1690176236.0,396.4,-25.2,93.2
1690176251.0,385.5,-21.9,88.4
1690176266.0,377.0,-21.8,90.9
1690176281.0,379.9,-23.8,93.1
1690176296.0,378.9,-13.5,86.1
1690176311.0,396.0,-27.1,88.6
1690176326.0,387.2,-11.7,91.5
1690176341.0,385.0,-8.6,89.2
1690176356.0,386.3,-19.3,86.3
1690176371.0,382.9,-13.6,82.8
1690176386.0,299.0,-48.5,42.1
1690176401.0,400.3,-9.4,93.6
1690176416.0,400.0,-12.1,89.2
1690176431.0,390.1,-16.2,82.2
1690176446.0,391.3,-14.6,85.9
1690176461.0,394.2,-11.6,94.2
1690176476.0,385.9,-20.3,86.7
1690176491.0,387.6,-13.7,88.8
1690176506.0,345.6,-32.5,76.2
1690176521.0,387.8,-15.1,84.8
1690176536.0,377.1,-13.4,75.1
1690176551.0,381.2,-20.6,84.3
1690176566.0,375.9,-21.9,81.3
1690176581.0,379.9,-17.1,85.9
1690176596.0,382.7,-13.1,81.0
1690176611.0,380.4,-14.7,86.4
1690176626.0,392.2,-7.9,90.6
1690176641.0,383.9,-9.0,81.1
1690176656.0,387.7,-17.5,92.7
1690176671.0,369.2,-16.0,67.9
1690176686.0,382.1,-18.3,74.1
1690176701.0,392.5,-15.5,87.3
1690176716.0,384.6,-20.6,88.9
1690176731.0,383.1,-19.0,83.8
1690176746.0,386.0,-16.4,83.6
1690176761.0,394.1,-10.1,93.3
1690176776.0,383.1,-19.5,84.8
1690176791.0,375.4,-14.5,85.6
1690176806.0,378.2,-14.8,79.9
1690176821.0,395.2,-8.7,93.7
1690176836.0,395.4,-7.2,92.6
1690176851.0,387.8,-14.3,83.7
1690176866.0,389.3,-14.1,80.9
1690176881.0,389.4,-7.9,78.1
1690176896.0,387.0,-16.5,85.1
1690176911.0,383.1,-14.4,83.7
1690176926.0,395.4,-17.8,86.5
1690176941.0,388.9,-14.6,82.9
1690176956.0,392.2,-16.6,84.1
1690176971.0,390.1,-15.7,84.1
1690176986.0,393.9,-18.5,83.1
1690177001.0,386.5,-18.7,87.7
1690177016.0,385.7,-19.5,87.2
1690177031.0,388.5,-18.9,89.3
1690177046.0,380.8,-16.3,84.3
1690177061.0,387.8,-11.7,86.1
1690177076.0,390.4,-7.9,88.2
1690177091.0,390.6,-12.5,87.2
1690177106.0,384.5,-8.2,85.4
1690177121.0,394.9,-21.6,91.8
1690177136.0,396.7,-21.5,90.8
1690177151.0,380.6,-19.9,78.3
1690177166.0,398.3,-7.8,83.4
1690177181.0,390.9,-18.7,87.8
1690177196.0,389.4,-18.4,94.3
1690177211.0,384.8,-16.8,87.4
1690177226.0,395.9,-13.9,88.0
1690177241.0,394.3,-3.2,81.0
1690177256.0,398.8,-14.3,90.2
1690177271.0,395.1,-16.2,86.9
1690177286.0,389.1,-17.1,87.3
1690177301.0,403.6,-39.9,81.9
1690177316.0,397.7,-26.0,89.2
1690177331.0,401.0,-25.0,91.5
1690177346.0,395.2,-18.4,87.1
1690177361.0,385.6,-16.3,84.0
1690177376.0,394.1,-12.0,97.5
1690177391.0,387.0,-22.7,85.0
1690177406.0,385.8,-17.0,84.7
1690177421.0,439.7,-36.8,61.0
1690177436.0,391.1,-22.2,91.9
1690177451.0,409.3,-24.4,100.8
1690177466.0,383.6,-29.0,81.2
1690177481.0,383.4,7.5,80.3
1690177496.0,376.3,-26.7,74.3
1690177511.0,395.5,-20.8,89.1
1690177526.0,391.4,-21.1,86.9
1690177541.0,406.1,-40.3,90.5
1690177556.0,402.1,-25.6,88.7
1690177571.0,419.9,-46.5,81.1
1690177586.0,394.2,-29.8,84.7
1690177601.0,393.0,-28.8,86.8
1690177616.0,394.3,-22.9,84.4
1690177631.0,387.5,-28.6,86.1
1690177646.0,394.8,-20.1,95.3
1690177661.0,401.2,-15.5,100.9
1690177676.0,389.3,-20.1,83.2
1690177691.0,394.1,-18.3,95.4
1690177706.0,397.2,-21.6,91.2
1690177721.0,397.4,-18.3,92.8
1690177736.0,402.2,-6.7,88.1
1690177751.0,384.4,-16.0,84.7
1690177766.0,393.3,-23.5,72.6
1690177781.0,393.4,-23.4,81.4
1690177796.0,384.0,-17.8,81.8
1690177811.0,391.5,-20.7,90.5
1690177826.0,389.9,-30.0,82.1
1690177841.0,391.6,-26.0,86.8
1690177856.0,386.7,-21.2,83.8
1690177871.0,390.9,-30.7,77.6
1690177886.0,377.9,-34.6,72.9
1690177901.0,386.2,-29.1,76.8
1690177916.0,413.2,-55.2,76.4
1690177931.0,412.9,-31.1,93.6
1690177946.0,408.3,-24.1,88.0
1690177961.0,399.5,-20.3,84.3
1690177976.0,401.1,-27.9,89.2
1690177991.0,398.1,-30.9,85.3
1690178006.0,391.5,-30.6,82.4
1690178021.0,378.8,-25.0,74.9
1690178036.0,386.0,-27.5,86.5
1690178051.0,418.1,-42.9,76.9
1690178066.0,371.2,-17.0,72.3
1690178081.0,394.0,-30.9,84.8
1690178096.0,392.1,-26.1,89.1
1690178111.0,389.5,-21.5,86.6
1690178126.0,400.0,-19.2,95.2
1690178141.0,396.9,-24.9,86.7
1690178156.0,393.8,-22.9,84.0
1690178171.0,395.8,-17.6,91.6
1690178186.0,400.7,-13.0,83.8
1690178201.0,398.3,-28.6,94.3
1690178216.0,393.0,-21.6,67.4
1690178231.0,391.6,-17.2,85.9
1690178246.0,401.6,-18.0,97.1
1690178261.0,396.4,-19.7,91.6
1690178276.0,389.2,-19.5,88.9
1690178291.0,392.5,-19.6,93.8
1690178306.0,393.7,-22.1,89.5
1690178321.0,401.6,-26.4,70.0
1690178336.0,394.1,-16.7,86.8
1690178351.0,394.3,-21.1,92.6
1690178366.0,392.4,-20.7,88.6
1690178381.0,397.0,-15.6,94.7
1690178396.0,397.4,-16.6,95.6
1690178411.0,421.5,-42.9,79.4
1690178426.0,391.5,-19.0,88.5
1690178441.0,399.1,-16.2,90.1
1690178456.0,397.0,-19.0,92.3
1690178471.0,393.9,-20.4,89.8
1690178486.0,391.1,-20.2,87.9
1690178501.0,391.8,-19.0,83.8
1690178516.0,386.5,-19.0,83.8
1690178531.0,394.3,-18.9,89.1
1690178546.0,397.2,-19.5,82.2
1690178561.0,401.6,-17.2,88.6
1690178576.0,388.0,-17.8,83.0
1690178591.0,394.0,-19.5,84.0
1690178606.0,387.7,-22.9,74.4
1690178621.0,399.4,-14.3,90.8
1690178636.0,396.3,-13.2,88.0
1690178651.0,396.2,-2.9,83.6
1690178666.0,396.5,-4.5,82.0
1690178681.0,385.7,-3.6,85.9
1690178696.0,393.8,-13.4,83.4
1690178711.0,396.2,-12.4,93.9
1690178726.0,395.9,-16.5,88.7
1690178741.0,395.9,-16.0,89.9
1690178756.0,398.2,-15.4,92.1
1690178771.0,389.2,-15.1,88.7
1690178786.0,397.8,-11.3,85.9
1690178801.0,394.8,-13.7,85.1
1690178816.0,397.5,-17.3,83.2
1690178831.0,399.1,-17.6,89.0
1690178846.0,394.2,-23.6,86.3
1690178861.0,394.8,-21.6,81.9
1690178876.0,392.6,-19.1,86.0
1690178891.0,385.5,-18.5,82.1
1690178906.0,393.0,-22.2,85.2
1690178921.0,390.4,-19.3,82.2
1690178936.0,391.2,-16.5,86.5
1690178966.0,393.7,-18.8,88.5
1690178981.0,396.9,-24.1,86.4
1690178996.0,391.0,-20.2,89.6
1690179011.0,389.8,-20.4,89.6
1690179026.0,388.6,-20.2,86.5
1690179041.0,388.0,-17.8,87.9
1690179056.0,381.8,-18.5,79.5
1690179071.0,384.1,-1.8,81.6
1690179086.0,389.7,-8.8,78.9
1690179101.0,391.5,-12.1,84.5
1690179116.0,395.1,-11.9,85.1
1690179131.0,383.3,-18.0,81.3
1690179146.0,384.4,-14.3,83.5
1690179161.0,394.8,-7.4,88.3
1690179176.0,392.3,-13.0,90.9
1690179191.0,382.4,2.4,81.1
1690179206.0,387.0,-4.8,83.4
1690179221.0,395.5,-4.7,79.6
1690179236.0,383.7,-5.1,80.9
1690179251.0,391.4,-12.6,79.8
1690179266.0,370.9,-19.7,76.6
1690179281.0,385.0,-12.8,75.7
1690179296.0,384.2,-14.7,84.0
1690179311.0,386.3,-9.2,83.1
1690179326.0,378.6,0.1,82.8
1690179341.0,397.5,-10.1,92.8
1690179356.0,388.1,-5.7,84.0
1690179371.0,385.6,-6.0,86.6
1690179386.0,384.6,-11.0,88.4
1690179401.0,381.1,-13.8,83.0
1690179416.0,390.9,-16.1,89.5
1690179431.0,360.1,-43.5,65.4
1690179446.0,393.3,-22.3,88.4
1690179461.0,388.7,-23.1,87.0
1690179476.0,390.4,-20.6,83.8
1690179491.0,390.4,-19.7,86.7
1690179506.0,391.6,-21.7,86.4
1690179521.0,383.9,-22.5,73.5
1690179536.0,386.2,-20.8,86.0
1690179551.0,391.4,-18.8,88.1
1690179566.0,390.6,-23.1,89.4
1690179581.0,391.8,-21.5,87.8
1690179596.0,387.8,-19.7,78.5
1690179611.0,393.4,-20.9,88.6
1690179626.0,391.1,-22.5,88.2
1690179641.0,393.4,-21.6,91.8
1690179656.0,393.2,-14.3,88.8
1690179671.0,392.7,-17.2,86.5
1690179686.0,394.0,-19.2,77.6
1690179701.0,394.2,-16.3,90.6
1690179716.0,415.5,-55.7,46.8
1690179731.0,399.3,-12.5,87.2
1690179746.0,390.4,-19.4,86.6
1690179761.0,395.3,-20.2,87.5
1690179776.0,390.2,-19.2,85.7
1690179791.0,394.3,-18.8,86.5
1690179806.0,390.1,-17.7,87.5
1690179821.0,393.1,-21.5,85.9
1690179836.0,396.7,-20.4,87.0
1690179851.0,391.1,-19.1,84.1
1690179866.0,394.2,-23.1,88.2
1690179881.0,393.5,-20.5,87.4
1690179896.0,390.7,-17.3,87.8
1690179911.0,395.4,-16.2,85.2
1690179926.0,392.0,-20.0,86.8
1690179941.0,397.8,-15.4,89.8
1690179956.0,391.5,-17.2,87.6
1690179971.0,387.7,-20.5,83.1
1690179986.0,394.4,-16.7,83.3
1690180001.0,391.4,-17.1,86.4
1690180016.0,396.5,-19.4,90.6
1690180031.0,391.1,-19.2,90.0
1690180046.0,390.0,-16.9,84.6
1690180061.0,394.0,-17.9,88.8
1690180076.0,392.6,-19.7,88.1
1690180091.0,389.9,-25.5,86.7
1690180106.0,392.4,-18.8,89.6
1690180121.0,394.4,-18.7,86.8
1690180136.0,396.4,-23.9,88.9
1690180151.0,391.4,-23.4,88.9
1690180166.0,400.6,-28.1,89.9
1690180181.0,392.0,-17.2,87.8
1690180196.0,394.4,-18.0,86.8
1690180211.0,394.0,-20.3,87.5
1690180226.0,392.2,-21.7,90.4
1690180241.0,391.0,-20.3,86.9
1690180256.0,389.9,-8.2,80.4
1690180271.0,395.4,-23.9,90.7
1690180286.0,393.2,-26.1,90.2
1690180301.0,391.7,-25.8,83.9
1690180316.0,390.7,-25.1,89.2
1690180331.0,391.7,-20.8,81.9
1690180346.0,403.4,-11.5,96.5
1690180361.0,391.7,-8.2,75.6
1690180376.0,317.9,13.9,32.9
1690180391.0,325.1,7.3,31.6
1690180406.0,329.7,8.2,35.7
1690180421.0,323.2,5.9,32.2
1690180436.0,312.7,-0.4,29.0
1690180451.0,311.3,-3.9,30.7
1690180466.0,317.7,3.1,28.8
1690180481.0,332.8,6.8,34.3
1690180496.0,331.6,14.0,36.3
1690180511.0,325.0,9.3,37.7
1690180526.0,272.7,-25.0,7.3
1690180541.0,314.1,-5.8,30.9
1690180556.0,332.4,4.8,39.1
1690180571.0,336.9,7.1,41.0
1690180586.0,327.2,1.7,32.6
1690180601.0,326.3,6.1,34.6
1690180616.0,328.1,3.6,30.8
1690180631.0,334.5,3.9,29.4
1690180646.0,399.8,-32.3,99.5
1690180661.0,399.9,-21.3,100.0
1690180676.0,322.7,-0.0,34.5
1690180691.0,329.0,0.1,50.2
1690180706.0,311.4,13.1,20.6
1690180721.0,410.3,-16.2,91.6
1690180736.0,399.0,4.7,62.9
1690180751.0,413.5,1.6,66.0
1690180766.0,400.3,-3.5,89.1
1690180781.0,397.3,4.8,76.4
1690180796.0,380.9,2.6,79.7
1690180811.0,404.7,-28.5,97.5
1690180826.0,433.6,-36.4,114.0
1690180841.0,412.1,-35.5,127.9
1690180856.0,416.0,-53.5,145.8
1690180871.0,439.2,-48.3,162.9
1690180886.0,414.0,-51.5,149.7
1690180901.0,400.6,-46.7,126.6
1690180916.0,402.9,-30.8,122.0
1690180931.0,394.1,-29.4,117.3
1690180946.0,384.9,-32.6,112.1
1690180961.0,400.9,-44.5,129.7
1690180976.0,440.1,-55.2,149.0
1690180991.0,398.2,-44.4,116.9
1690181006.0,421.1,-42.2,156.1
1690181021.0,398.7,-48.8,136.9
1690181036.0,397.9,-41.6,141.8
1690181051.0,415.8,-50.0,144.8
1690181066.0,422.9,-53.6,147.7
1690181081.0,410.2,-45.2,134.2
1690181096.0,413.1,-45.5,138.7
1690181111.0,417.9,-63.7,146.4
1690181126.0,409.1,-63.7,145.6
1690181141.0,387.1,-89.6,135.7
1690181156.0,414.5,-57.0,158.6
1690181171.0,361.1,-80.2,117.1
1690181186.0,424.3,-70.2,151.2
1690181201.0,404.7,-52.8,117.4
1690181216.0,395.6,-71.2,138.5
1690181231.0,389.7,-66.1,127.3
1690181246.0,387.1,-71.3,123.3
1690181261.0,378.4,-94.9,113.9
1690181276.0,366.0,-92.1,102.0
1690181291.0,397.5,-67.9,116.4
1690181306.0,306.9,-116.6,116.8
1690181321.0,297.3,-135.6,94.6
1690181336.0,294.8,-122.8,120.9
1690181351.0,362.7,-82.5,122.5
1690181366.0,321.8,-85.0,121.5
1690181381.0,341.3,-62.7,120.0
1690181396.0,351.6,-55.1,52.9
1690181411.0,365.5,-52.2,98.0
1690181426.0,389.4,-41.4,46.4
1690181441.0,380.7,-50.1,140.3
1690181456.0,380.2,-37.8,132.4
1690181471.0,366.5,-38.3,129.4
1690181486.0,362.3,-46.1,122.9
1690181501.0,383.9,-53.2,92.0
1690181516.0,343.6,-35.5,56.5
1690181531.0,379.1,-40.9,108.2
1690181546.0,364.4,-40.3,124.4
1690181561.0,376.8,-52.4,137.7
1690181576.0,373.5,-39.9,134.7
1690181591.0,370.3,-42.3,115.3
1690181606.0,366.7,-45.7,121.0
1690181621.0,369.3,-53.7,126.6
1690181636.0,375.2,-31.2,114.3
1690181651.0,390.1,-42.1,122.5
1690181666.0,374.5,-50.4,119.7
1690181681.0,359.5,-35.8,117.5
1690181696.0,357.4,-43.9,117.6
1690181711.0,358.3,-125.8,116.2
1690181726.0,377.8,-46.6,105.5
1690181741.0,373.5,-41.3,126.9
1690181756.0,380.3,-24.2,108.1
1690181771.0,373.4,-41.1,98.5
1690181786.0,387.3,-44.1,117.8
1690181801.0,381.1,-46.6,117.1
1690181816.0,371.6,-46.6,120.1
1690181831.0,367.7,-48.6,127.5
1690181846.0,370.1,-48.0,111.5
1690181861.0,362.9,-43.6,123.5
1690181876.0,353.6,-41.8,117.4
1690181891.0,370.5,-52.0,121.3
1690181906.0,376.8,-55.7,134.4
1690181921.0,363.2,-139.9,110.8
1690181936.0,433.1,-254.1,90.9
1690181951.0,499.1,-313.2,104.1
1690181966.0,533.0,-322.8,159.5
1690181981.0,511.1,-330.5,119.5
1690181996.0,529.7,-320.0,139.4
1690182011.0,548.5,-285.1,101.6
1690182026.0,668.7,-193.2,111.1
1690182041.0,862.3,19.0,121.1
1690182056.0,949.8,55.7,122.7
1690182071.0,942.3,60.9,144.9
1690182086.0,961.8,56.1,135.9
1690182101.0,950.1,58.7,114.3
1690182116.0,962.8,56.5,158.1
1690182131.0,959.0,62.5,139.5
1690182146.0,953.0,59.7,128.9
1690182161.0,706.6,168.8,150.4
1690182176.0,685.6,92.4,116.1
1690182191.0,702.3,88.2,112.5
1690182206.0,691.8,127.1,157.2
1690182221.0,705.9,177.4,133.3
1690182236.0,657.8,202.3,114.1
1690182251.0,624.2,268.1,143.1
1690182266.0,610.8,232.0,171.1
1690182281.0,616.8,241.3,148.6
1690182296.0,525.5,406.4,114.3
1690182311.0,86.6,463.7,137.2
1690182326.0,34.6,467.4,152.9
1690182341.0,20.3,427.2,154.0
1690182356.0,12.7,434.9,151.6
1690182371.0,-61.8,399.8,160.1
1690182386.0,-84.2,371.9,129.2
1690182401.0,-83.6,396.6,148.6
1690182416.0,-82.7,393.4,153.8
1690182431.0,-75.3,395.0,159.9
1690182446.0,-228.5,488.7,120.9
1690182461.0,-339.0,442.3,166.6
1690182476.0,-343.2,467.1,142.3
1690182491.0,-564.8,78.6,101.0
1690182506.0,-569.4,6.2,114.5
1690182521.0,-542.8,2.2,153.7
1690182536.0,-556.2,-12.6,140.0
1690182551.0,-581.1,8.2,128.7
1690182566.0,-562.8,-3.3,141.1
1690182581.0,-586.0,-63.5,139.1
1690182611.0,-563.1,-68.0,165.1
1690182626.0,-568.6,-44.4,118.4
1690182641.0,-572.6,-68.6,124.6
1690182656.0,-556.7,-42.1,151.2
1690182671.0,-534.3,-6.6,159.1
1690182686.0,-587.0,-39.0,118.1
1690182701.0,-600.5,-44.9,158.7
1690182716.0,-568.3,-48.7,102.2
1690182731.0,-602.4,-52.1,125.7
1690182746.0,-606.6,-109.7,145.7
1690182761.0,-600.5,-111.0,138.1
1690182776.0,-599.2,-110.0,151.8
1690182791.0,-604.9,-113.5,147.0
1690182806.0,-598.0,-110.4,150.6
1690182821.0,-607.6,-119.3,144.5
1690182836.0,-564.8,-120.8,125.8
1690182851.0,-577.0,-114.6,149.0
1690182866.0,-576.4,-117.8,147.0
1690182881.0,-586.2,-115.7,156.2
1690182896.0,-565.2,-121.0,136.8
1690182911.0,-589.6,-121.5,141.0
1690182926.0,-559.0,-124.9,124.9
1690182941.0,-579.3,-117.9,150.1
1690182956.0,-590.4,-122.9,146.3
1690182971.0,-603.1,-117.1,149.5
1690182986.0,-585.5,-110.3,152.3
1690183001.0,-582.3,-118.4,146.4
1690183016.0,-593.0,-120.6,142.7
1690183031.0,-576.8,-115.9,142.5
1690183046.0,-583.2,-122.3,140.5
1690183061.0,-580.0,-122.1,141.0
1690183076.0,-614.4,-127.6,140.8
1690183091.0,-595.6,-113.0,151.2
1690183106.0,-587.1,-116.3,154.3
1690183121.0,-588.0,-118.6,147.2
1690183136.0,-607.5,-134.1,140.7
1690183151.0,-587.5,-126.3,151.9
1690183166.0,-585.1,-129.9,150.8
1690183181.0,-595.1,-135.4,132.3
1690183196.0,-583.7,-131.5,144.1
1690183211.0,-573.1,-143.1,134.6
1690183226.0,-565.3,-127.1,147.6
1690183241.0,-574.5,-117.6,121.4
1690183256.0,-588.9,-103.1,142.7
1690183271.0,-584.1,-99.2,152.0
1690183286.0,-589.2,-100.0,151.0
1690183301.0,-585.7,-103.0,144.4
1690183316.0,-586.9,-104.7,145.9
1690183331.0,-581.5,-100.5,152.5
1690183346.0,-584.9,-105.1,148.8
1690183361.0,-597.3,-113.0,125.1
1690183376.0,-609.8,-101.3,146.6
1690183391.0,-595.1,-108.2,150.7
1690183406.0,-588.6,-109.6,148.2
1690183421.0,-601.1,-112.9,146.4
1690183436.0,-625.9,-117.0,143.2
1690183451.0,-592.1,-133.0,130.5
1690183466.0,-611.9,-125.7,146.1
1690183481.0,-606.0,-129.8,138.9
1690183496.0,-607.9,-126.2,130.3
1690183511.0,-610.3,-121.9,146.6
1690183526.0,-616.9,-121.7,148.3
1690183541.0,-615.0,-135.5,137.0
1690183556.0,-619.7,-115.6,148.4
1690183571.0,-632.2,-109.7,149.9
1690183586.0,-608.2,-99.3,153.5
1690183601.0,-624.8,-116.5,141.7
1690183616.0,-619.6,-107.7,141.2
1690183631.0,-604.1,-97.4,152.7
1690183646.0,-616.0,-107.2,144.6
1690183661.0,-605.4,-109.4,139.4
1690183676.0,-647.2,-98.4,142.6
1690183691.0,-623.9,-100.6,146.2
1690183706.0,-625.6,-100.3,151.9
1690183721.0,-628.5,-100.6,152.8
1690183736.0,-634.0,-109.6,149.6
1690183751.0,-622.0,-109.2,143.5
1690183766.0,-612.7,-116.0,126.9
1690183781.0,-625.8,-98.0,147.6
1690183796.0,-625.7,-100.0,149.9
1690183811.0,-646.0,-77.3,148.1
1690183826.0,-616.4,-86.8,148.5
1690183841.0,-597.0,-95.1,123.4
1690183856.0,-623.7,-79.6,149.9
1690183871.0,-636.2,-83.2,143.6
1690183886.0,-600.1,-88.0,129.2
1690183901.0,-594.5,-75.2,117.9
1690183916.0,-599.4,-77.8,139.8
1690183931.0,-587.0,-64.1,111.5
1690183946.0,-594.2,-57.5,136.5
1690183961.0,-570.0,-66.3,107.2
1690183976.0,-580.2,-63.2,125.4
1690183991.0,-577.8,-49.1,141.3
1690184006.0,-587.9,-53.3,139.5
1690184021.0,-566.3,-92.3,127.5
1690184036.0,-584.0,-68.6,162.3
1690184051.0,-584.5,-67.1,160.2
1690184066.0,-584.3,-76.4,152.3
1690184081.0,-545.0,-86.7,107.2
1690184096.0,-586.4,-59.8,159.9
1690184111.0,-571.6,-66.1,140.6
1690184126.0,-584.6,-75.9,135.5
1690184141.0,-572.2,-65.4,118.3
1690184156.0,-587.4,-46.5,144.4
1690184171.0,-587.5,-34.3,141.0
1690184186.0,-488.6,-60.7,112.2
1690184201.0,-467.9,-110.3,125.2
1690184216.0,-503.6,-212.7,151.6
1690184231.0,-503.7,-229.7,133.5
1690184246.0,-508.2,-222.7,137.4
1690184261.0,-504.5,-212.4,157.5
1690184276.0,-545.4,-250.8,126.0
1690184291.0,-533.9,-249.6,133.1
1690184306.0,-546.9,-240.1,141.8
1690184321.0,-549.6,-238.3,132.9
1690184336.0,-504.0,-246.9,129.6
1690184351.0,-574.7,-215.2,119.8
1690184366.0,-511.8,-239.5,160.0
1690184381.0,-494.7,-294.7,148.8
1690184396.0,-476.9,-306.1,124.5
1690184411.0,-261.5,-607.9,128.3
1690184426.0,-242.7,-724.2,93.7
1690184441.0,-258.6,-704.0,86.9
1690184456.0,-250.6,-724.6,92.1
1690184471.0,-228.1,-699.2,79.8
1690184486.0,-239.6,-697.7,88.0
1690184501.0,-237.6,-752.9,95.0
1690184516.0,-276.8,-736.0,93.3
1690184531.0,-262.3,-630.6,117.2
1690184546.0,-339.6,-704.4,83.1
1690184561.0,-386.1,-740.5,97.6
1690184576.0,-355.7,-752.2,99.6
1690184591.0,-337.2,-756.3,128.3
1690184606.0,-410.7,-740.1,93.9
1690184621.0,-327.1,-794.2,119.4
1690184636.0,-369.8,-737.6,98.4
1690184651.0,-378.1,-747.0,94.2
1690184666.0,-396.7,-750.1,97.1
1690184681.0,-384.3,-746.3,100.7
1690184696.0,-406.2,-740.9,94.7
1690184711.0,-410.8,-743.5,91.6
1690184726.0,-452.7,-608.9,144.1
1690184741.0,-552.3,-742.6,100.7
1690184756.0,-535.1,-724.1,92.5
1690184771.0,-558.1,-749.3,96.8
1690184786.0,-579.4,-734.1,82.9
1690184801.0,-515.1,-769.0,98.8
1690184816.0,-564.5,-738.2,91.4
1690184831.0,-554.4,-740.4,90.1
1690184846.0,-576.0,-719.0,80.7
1690184861.0,-599.2,-771.5,76.1
1690184876.0,-550.9,-730.3,95.7
1690184891.0,-557.7,-739.8,99.8
1690184906.0,-566.1,-739.0,85.8
1690184921.0,-567.3,-735.9,90.1
1690184936.0,-566.9,-760.8,90.4
1690184951.0,-566.2,-712.8,83.2
1690184966.0,-600.1,-739.9,85.5
1690184981.0,-534.1,-628.3,152.2
1690184996.0,-476.8,-754.9,106.1
1690185011.0,-505.1,-768.8,110.8
1690185026.0,-553.1,-732.2,99.0
1690185041.0,-504.3,-699.6,151.3
1690185056.0,-495.0,-695.8,155.7
1690185071.0,-560.6,-628.8,140.6
1690185086.0,-588.1,-737.8,91.2
1690185101.0,-581.9,-729.9,85.4
1690185116.0,-597.2,-705.9,92.4
1690185131.0,-600.8,-718.9,91.7
1690185146.0,-623.7,-684.0,85.0
1690185161.0,-603.5,-629.8,132.2
1690185176.0,-707.8,-398.9,81.4
1690185191.0,-783.8,-740.4,104.1
1690185206.0,-748.4,-723.0,95.2
1690185221.0,-745.2,-726.1,93.3
1690185236.0,-760.7,-743.3,105.0
1690185251.0,-764.1,-754.7,96.9
1690185266.0,-770.2,-721.3,132.4
1690185281.0,-696.3,-725.1,88.5
1690185296.0,-698.0,-717.1,83.2
1690185311.0,-662.9,-700.5,86.1
1690185326.0,-715.6,-719.4,100.1
1690185341.0,-697.1,-691.9,136.1
1690185356.0,-744.3,-686.6,138.7
1690185371.0,-700.3,-744.4,90.7
1690185386.0,-715.7,-734.8,91.4
1690185401.0,-747.6,-703.9,145.0
1690185416.0,-750.6,-735.8,109.1
1690185431.0,-696.4,-698.0,144.8
1690185446.0,-696.7,-696.2,142.4
1690185461.0,-851.2,-944.5,351.9
1690185476.0,-693.8,-655.1,127.8
1690185491.0,-717.4,-594.4,131.0
1690185506.0,-720.4,-772.0,96.5
1690185521.0,-752.1,-697.3,147.3
1690185536.0,-833.4,-726.6,119.7
1690185551.0,-738.5,-701.4,134.7
1690185566.0,-749.0,-674.4,131.1
1690185581.0,-763.1,-754.9,115.5
1690185596.0,-741.8,-715.1,105.2
1690185611.0,-743.0,-695.9,126.5
1690185626.0,-784.9,-745.8,112.2
1690185641.0,-745.7,-691.6,141.0
1690185656.0,-748.8,-685.0,142.0
1690185671.0,-737.6,-758.8,105.0
1690185686.0,-757.4,-769.9,105.0
1690185701.0,-743.4,-727.9,92.8
1690185716.0,-719.7,-769.0,85.6
1690185731.0,-757.4,-710.2,137.2
1690185746.0,-781.1,-774.7,114.8
1690185761.0,-837.3,-754.9,130.8
1690185776.0,-753.1,-690.1,135.0
1690185791.0,-855.1,-748.9,146.5
1690185806.0,-819.6,-731.1,116.9
1690185821.0,-768.0,-687.1,180.5
1690185836.0,-740.1,-734.8,86.0
1690185851.0,-759.7,-728.4,87.0
1690185866.0,-757.9,-747.0,91.9
1690185881.0,-764.4,-731.5,88.6
1690185896.0,-813.0,-724.1,114.6
1690185911.0,-784.9,-757.7,103.7
1690185926.0,-777.8,-717.6,117.1
1690185941.0,-763.7,-747.1,97.5
1690185956.0,-734.7,-750.5,85.9
1690185971.0,-808.2,-771.7,129.3
1690185986.0,-762.8,-707.4,134.5
1690186001.0,-883.9,-567.7,123.0
1690186016.0,-815.4,-215.3,115.4
1690186031.0,-849.3,20.2,133.4
1690186046.0,-847.9,40.0,145.6
1690186061.0,-424.3,293.7,116.1
1690186076.0,-205.4,281.2,109.9
1690186091.0,-141.2,266.7,144.9
1690186106.0,-177.9,301.7,141.9
1690186121.0,28.4,294.2,94.2
1690186136.0,20.8,203.4,110.7
1690186151.0,30.2,67.7,69.2
1690186166.0,70.3,80.9,77.6
1690186181.0,21.0,24.5,98.7
1690186196.0,4.5,49.1,77.9
1690186211.0,-17.7,60.2,98.8
1690186226.0,7.7,33.6,78.3
1690186256.0,20.8,21.7,78.0
1690186271.0,18.5,39.3,85.6
1690186286.0,47.3,27.9,90.1
1690186301.0,9.2,42.3,92.0
1690186316.0,-3.4,37.5,97.0
1690186331.0,-44.6,23.5,91.6
1690186346.0,-1.2,41.5,83.2
1690186361.0,18.8,45.7,94.9
1690186376.0,19.3,39.7,90.4
1690186391.0,14.3,48.0,95.8
1690186406.0,31.0,46.8,99.1
1690186421.0,-32.6,47.4,101.4
1690186436.0,-36.3,47.2,90.3
1690186451.0,-2.4,40.4,96.7
1690186466.0,9.9,46.3,87.0
1690186481.0,25.4,41.6,93.0
1690186496.0,-5.9,35.5,93.4
1690186511.0,20.2,39.9,97.4
1690186526.0,-1.2,38.3,82.6
1690186541.0,-6.9,51.9,89.3
1690186556.0,14.0,39.0,84.4
1690186571.0,-4.0,50.2,85.6
1690186586.0,9.0,55.1,73.9
1690186601.0,5.7,50.1,85.4
1690186616.0,25.6,51.6,83.4
1690186631.0,25.1,43.8,87.4
1690186646.0,21.8,45.7,89.0
1690186661.0,19.2,42.2,92.0
1690186676.0,8.8,35.0,86.3
1690186691.0,19.7,35.3,93.5
1690186706.0,16.4,42.1,85.2
1690186721.0,14.3,42.3,87.1
1690186736.0,13.4,46.0,85.3
1690186751.0,14.8,46.1,83.3
1690186766.0,12.2,51.6,85.4
1690186781.0,12.2,52.5,86.7
1690186796.0,13.1,51.3,88.8
1690186811.0,19.1,45.7,86.0
1690186826.0,32.2,49.4,95.3
1690186841.0,34.2,47.3,83.8
1690186856.0,13.9,31.4,90.4
1690186871.0,29.4,43.0,90.2
1690186886.0,1.4,45.2,93.0
1690186901.0,20.5,53.4,83.6
1690186916.0,37.7,17.6,95.5
1690186931.0,-11.8,85.0,94.3
1690186946.0,-11.0,58.8,80.2
1690186961.0,29.2,51.2,79.7
1690186976.0,14.9,28.1,98.6
1690186991.0,40.1,33.8,94.6
1690187006.0,3.2,49.4,97.5
1690187021.0,-4.6,36.5,93.0
1690187036.0,8.6,40.7,95.7
1690187051.0,-9.6,44.0,95.7
1690187066.0,-2.3,52.8,100.9
1690187081.0,57.1,43.2,105.1
1690187096.0,10.0,41.4,94.9
1690187111.0,-31.0,65.5,89.0
1690187126.0,1.6,50.8,97.7
1690187141.0,-4.8,46.1,96.5
1690187156.0,15.8,40.2,89.3
1690187171.0,33.4,43.9,83.3
1690187186.0,16.5,10.2,67.3
1690187201.0,3.0,4.0,67.2
1690187216.0,10.4,31.0,90.0
1690187231.0,26.9,36.4,87.0
1690187246.0,-14.5,44.4,94.8
1690187261.0,8.3,61.3,89.3
1690187276.0,7.8,45.1,87.0
1690187291.0,38.0,33.7,77.9
1690187306.0,40.0,25.5,84.5
1690187321.0,-47.2,17.5,95.7
1690187336.0,23.5,29.9,85.7
1690187351.0,42.8,25.0,70.4
1690187366.0,46.9,40.8,100.2
1690187381.0,12.7,50.3,84.2
1690187396.0,-6.1,51.3,78.1
1690187411.0,11.7,36.6,88.3
1690187426.0,-8.1,45.5,90.3
1690187441.0,22.8,38.3,98.4
1690187456.0,-9.7,47.9,86.8
1690187471.0,-13.7,43.1,87.4
1690187486.0,-23.3,40.6,88.1
1690187501.0,-5.7,42.9,85.8
1690187516.0,30.2,46.7,89.5
1690187531.0,-15.6,49.0,86.8
1690187546.0,-14.5,39.5,91.4
1690187561.0,-5.1,41.0,92.0
1690187576.0,20.8,45.2,102.4
1690187591.0,20.7,56.0,91.1
1690187606.0,-6.5,48.6,95.0
1690187621.0,-3.3,44.2,99.6
1690187636.0,27.2,41.5,96.1
1690187651.0,74.2,121.1,111.3
1690187666.0,19.8,42.0,95.8
1690187681.0,-2.4,54.2,93.5
1690187696.0,-4.2,45.5,96.7
1690187711.0,-6.1,44.8,94.5
1690187726.0,-8.2,76.1,97.9
1690187741.0,18.8,53.2,96.0
1690187756.0,21.1,52.3,94.7
1690187771.0,20.8,45.3,104.9
1690187786.0,8.2,44.8,100.1
1690187801.0,8.1,53.8,101.5
1690187816.0,15.5,47.9,101.1
1690187831.0,21.1,47.4,98.1
1690187846.0,13.7,49.4,100.3
1690187861.0,12.7,45.6,103.1
1690187876.0,-3.2,44.8,103.2
1690187891.0,12.2,51.3,102.4
1690187906.0,8.3,48.4,91.1
1690187921.0,22.0,57.0,85.8
1690187936.0,1.8,61.1,85.3
1690187951.0,40.9,70.6,106.1
1690187966.0,-21.7,44.0,86.8
1690187981.0,23.1,58.0,74.7
1690187996.0,-20.2,48.8,80.0
1690188011.0,14.1,60.5,67.0
1690188026.0,5.2,41.8,78.8
1690188041.0,-23.7,46.7,84.5
1690188056.0,-5.9,37.3,83.3
1690188071.0,-12.5,45.4,86.8
1690188086.0,39.8,42.4,88.7
1690188101.0,-3.7,47.7,77.4
1690188116.0,25.2,15.7,60.0
1690188131.0,15.2,42.5,80.7
1690188146.0,7.1,38.0,84.7
1690188161.0,3.2,36.5,81.5
1690188176.0,34.7,37.3,87.7
1690188191.0,34.2,29.3,79.7
1690188206.0,23.9,26.4,75.5
1690188221.0,25.5,24.7,84.5
1690188236.0,17.8,29.8,86.8
1690188251.0,-21.4,49.8,79.5
1690188266.0,-17.2,43.5,89.3
1690188281.0,25.1,-57.9,-14.7
1690188296.0,104.6,41.9,109.6
1690188311.0,-16.0,21.3,91.0
1690188326.0,-32.6,41.3,86.9
1690188341.0,142.1,35.4,119.1
1690188356.0,-11.0,34.7,86.6
1690188371.0,16.6,36.3,90.3
1690188386.0,5.3,32.0,87.9
1690188401.0,20.1,31.9,83.2
1690188416.0,-0.6,35.1,81.9
1690188431.0,5.4,55.0,84.0
1690188446.0,3.3,49.7,78.6
1690188461.0,9.6,32.4,84.9
1690188476.0,-2.2,27.8,86.5
1690188491.0,-10.1,54.8,71.2
1690188506.0,1.1,34.1,83.4
1690188521.0,26.7,62.2,64.3
1690188536.0,8.3,36.3,67.5
1690188551.0,-2.8,39.3,78.7
1690188566.0,-4.2,38.9,80.8
1690188581.0,-13.2,17.3,87.9
1690188596.0,-46.0,28.5,79.6
1690188611.0,-7.5,35.0,80.5
1690188626.0,-7.9,36.5,82.2
1690188641.0,-18.3,51.3,85.0
1690188656.0,52.2,38.0,91.1
1690188671.0,1.2,19.8,92.0
1690188686.0,-2.9,36.1,66.1
1690188701.0,22.2,41.6,94.6
1690188716.0,77.9,25.4,102.5
1690188731.0,37.8,32.3,88.3
1690188746.0,51.0,30.4,94.4
1690188761.0,26.4,38.6,80.3
1690188776.0,14.9,57.6,69.1
1690188791.0,26.6,38.3,87.4
1690188806.0,-32.6,62.1,91.8
1690188821.0,13.8,47.6,85.5
1690188836.0,-8.4,53.9,77.4
1690188851.0,-5.9,35.6,88.4
1690188866.0,16.5,61.7,78.9
1690188881.0,79.3,43.1,104.6
1690188896.0,15.1,53.0,80.1
1690188911.0,36.8,45.6,91.7
1690188926.0,-29.0,50.1,80.2
1690188941.0,-14.5,45.3,80.5
1690188956.0,13.3,15.4,71.4
1690188971.0,76.6,66.5,90.7
1690188986.0,6.3,57.7,87.7
1690189001.0,7.5,29.4,85.3
1690189016.0,-2.2,31.8,85.4
1690189031.0,-3.0,32.8,84.9
1690189046.0,21.6,28.3,87.7
1690189061.0,-15.2,37.2,86.6
1690189076.0,-43.4,38.6,90.9
1690189091.0,13.0,22.4,83.3
1690189106.0,-4.2,52.5,71.7
1690189121.0,-5.1,67.6,63.4
1690189136.0,4.0,64.4,73.5
1690189151.0,-28.0,42.6,88.5
1690189166.0,33.1,32.8,89.5
1690189181.0,9.2,48.6,82.2
1690189196.0,-6.8,55.2,82.9
1690189211.0,6.0,42.2,84.3
1690189226.0,-9.3,35.4,87.9
1690189241.0,13.8,38.1,85.8
1690189256.0,-27.3,45.3,90.4
1690189271.0,-24.5,32.7,86.9
1690189286.0,-28.8,35.7,87.4
1690189301.0,14.0,46.4,82.3
1690189316.0,27.7,25.7,86.9
1690189331.0,19.1,24.4,88.5
1690189346.0,-11.3,15.6,91.2
1690189361.0,-12.4,21.1,92.9
1690189376.0,2.2,41.3,85.7
1690189391.0,-6.7,47.2,90.3
1690189406.0,8.4,35.5,88.6
1690189421.0,45.1,33.6,94.7
1690189436.0,-7.8,30.4,88.7
1690189451.0,-8.3,50.2,85.6
1690189466.0,-16.4,42.3,87.3
1690189481.0,-21.4,34.1,87.6
1690189496.0,-13.2,31.7,86.4
1690189511.0,-18.3,65.0,67.6
1690189526.0,-15.5,35.9,88.5
1690189541.0,-10.8,33.5,87.7
1690189556.0,-33.3,45.4,87.1
1690189571.0,-25.0,40.1,91.6
1690189586.0,71.7,26.8,101.9
1690189601.0,-25.8,41.4,88.5
1690189616.0,-17.6,41.2,87.3
1690189631.0,7.2,36.6,88.0
1690189646.0,-6.6,34.7,88.1
1690189661.0,-16.4,41.6,86.1
1690189676.0,19.5,50.8,81.0
1690189691.0,-1.2,33.9,83.5
1690189706.0,2.0,47.1,85.8
1690189721.0,-29.3,36.3,88.6
1690189736.0,-15.1,43.4,87.4
1690189751.0,-7.1,36.6,85.2
1690189766.0,-22.8,36.6,87.1
1690189781.0,-17.2,41.8,84.8
1690189796.0,7.4,27.9,84.9
1690189811.0,-21.8,39.5,87.9
1690189826.0,31.6,22.4,97.0
1690189841.0,-31.6,33.5,87.0
1690189856.0,-16.2,53.4,71.9
1690189871.0,-19.0,51.7,83.1
1690189901.0,-9.9,56.4,78.7
1690189916.0,11.4,65.8,68.3
1690189931.0,-20.4,35.7,86.2
1690189946.0,-26.0,55.0,76.2
1690189961.0,30.0,38.9,86.0
1690189976.0,-7.0,43.5,86.3
1690189991.0,-12.3,56.4,73.3
1690190006.0,4.8,50.5,82.4
1690190021.0,-48.0,42.6,92.1
1690190036.0,-13.0,48.5,83.7
1690190051.0,-36.6,52.8,87.1
1690190066.0,26.3,29.9,93.4
1690190081.0,33.6,37.5,85.0
1690190096.0,28.3,35.0,94.8
1690190111.0,-14.2,42.8,83.8
1690190126.0,-47.0,45.2,91.3
1690190141.0,-49.0,49.4,91.3
1690190156.0,-25.4,36.4,91.3
1690190171.0,21.2,42.5,90.1
1690190186.0,4.0,28.4,85.8
1690190201.0,-0.3,49.8,77.5
1690190216.0,28.5,37.0,91.8
1690190231.0,-1.1,24.9,86.5
1690190246.0,-7.6,37.6,85.7
1690190261.0,-33.3,56.5,82.8
1690190276.0,-5.8,29.5,90.4
1690190291.0,5.8,32.7,81.9
1690190306.0,-30.1,50.3,85.4
1690190321.0,41.7,7.1,92.0
1690190336.0,57.4,22.2,111.7
1690190351.0,31.4,22.1,130.9
1690190366.0,58.7,48.6,148.6
1690190381.0,19.5,136.7,124.4
1690190396.0,-277.4,483.0,131.9
1690190411.0,-415.1,484.2,128.0
1690190426.0,-559.8,480.8,116.7
1690190441.0,-1436.8,605.5,27.4
1690190456.0,nan,nan,nan
1690190471.0,nan,nan,nan
1690190486.0,nan,nan,nan
1690190501.0,nan,nan,nan
1690190516.0,nan,nan,nan
1690190531.0,nan,nan,nan
1690190546.0,nan,nan,nan
1690190561.0,nan,nan,nan
1690190576.0,nan,nan,nan
1690190591.0,nan,nan,nan
1690190606.0,nan,nan,nan
1690190621.0,nan,nan,nan
1690190636.0,nan,nan,nan
1690190651.0,nan,nan,nan
1690190666.0,nan,nan,nan
1690190681.0,nan,nan,nan
1690190696.0,nan,nan,nan
1690190711.0,nan,nan,nan
1690190726.0,nan,nan,nan
1690190741.0,nan,nan,nan
1690190756.0,nan,nan,nan
1690190771.0,nan,nan,nan
1690190786.0,nan,nan,nan
1690190801.0,nan,nan,nan
1690190816.0,nan,nan,nan
1690190831.0,nan,nan,nan
1690190846.0,nan,nan,nan
1690190861.0,nan,nan,nan
1690190876.0,nan,nan,nan
1690190891.0,nan,nan,nan
1690190906.0,nan,nan,nan
1690190921.0,nan,nan,nan
1690190936.0,nan,nan,nan
1690190951.0,nan,nan,nan
1690190966.0,nan,nan,nan
1690190981.0,nan,nan,nan
1690190996.0,nan,nan,nan
1690191011.0,nan,nan,nan
1690191026.0,nan,nan,nan
1690191041.0,nan,nan,nan
1690191056.0,nan,nan,nan
1690191071.0,nan,nan,nan
1690191086.0,nan,nan,nan
1690191101.0,nan,nan,nan
1690191116.0,nan,nan,nan
1690191131.0,nan,nan,nan
1690191146.0,nan,nan,nan
1690191161.0,nan,nan,nan
1690191176.0,nan,nan,nan
1690191191.0,nan,nan,nan
1690191206.0,nan,nan,nan
1690191221.0,nan,nan,nan
1690191236.0,nan,nan,nan
1690191251.0,nan,nan,nan
1690191266.0,nan,nan,nan
1690191281.0,nan,nan,nan
1690191296.0,nan,nan,nan
1690191311.0,nan,nan,nan
1690191326.0,nan,nan,nan
1690191341.0,nan,nan,nan
1690191356.0,nan,nan,nan
1690191371.0,nan,nan,nan
1690191386.0,nan,nan,nan
1690191401.0,nan,nan,nan
1690191416.0,nan,nan,nan
1690191431.0,nan,nan,nan
1690191446.0,nan,nan,nan
1690191461.0,nan,nan,nan
1690191476.0,nan,nan,nan
1690191491.0,nan,nan,nan
1690191506.0,nan,nan,nan
1690191521.0,nan,nan,nan
1690191536.0,nan,nan,nan
1690191551.0,nan,nan,nan
1690191566.0,nan,nan,nan
1690191581.0,nan,nan,nan
1690191596.0,nan,nan,nan
1690191611.0,nan,nan,nan
1690191626.0,nan,nan,nan
1690191641.0,nan,nan,nan
1690191656.0,nan,nan,nan
1690191671.0,nan,nan,nan
1690191686.0,nan,nan,nan
1690191701.0,nan,nan,nan
1690191731.0,nan,nan,nan
1690191746.0,nan,nan,nan
1690191761.0,nan,nan,nan
1690191776.0,nan,nan,nan
1690191791.0,nan,nan,nan
1690191806.0,nan,nan,nan
1690191821.0,nan,nan,nan
1690191836.0,nan,nan,nan
1690191851.0,nan,nan,nan
1690191866.0,nan,nan,nan
1690191881.0,nan,nan,nan
1690191896.0,nan,nan,nan
1690191911.0,nan,nan,nan
1690191926.0,nan,nan,nan
1690191941.0,nan,nan,nan
1690191956.0,nan,nan,nan
1690191971.0,nan,nan,nan
1690191986.0,nan,nan,nan
1690192001.0,nan,nan,nan
1690192016.0,nan,nan,nan
1690192031.0,nan,nan,nan
1690192046.0,nan,nan,nan
1690192061.0,nan,nan,nan
1690192076.0,nan,nan,nan
1690192091.0,nan,nan,nan
1690192106.0,nan,nan,nan
1690192121.0,nan,nan,nan
1690192136.0,nan,nan,nan
1690192151.0,nan,nan,nan
1690192166.0,nan,nan,nan
1690192181.0,nan,nan,nan
1690192196.0,nan,nan,nan
1690192211.0,nan,nan,nan
1690192226.0,nan,nan,nan
1690192241.0,nan,nan,nan
1690192256.0,nan,nan,nan
1690192271.0,nan,nan,nan
1690192286.0,nan,nan,nan
1690192301.0,nan,nan,nan
1690192316.0,nan,nan,nan
1690192331.0,nan,nan,nan
1690192346.0,nan,nan,nan
1690192361.0,nan,nan,nan
1690192376.0,nan,nan,nan
1690192391.0,nan,nan,nan
1690192406.0,nan,nan,nan
1690192421.0,nan,nan,nan
1690192436.0,nan,nan,nan
1690192451.0,nan,nan,nan
1690192466.0,-772.9,598.0,120.3
1690192481.0,-534.6,-293.9,160.2
1690192496.0,-65.8,-245.4,134.3
1690192511.0,-56.6,-252.5,129.8
1690192526.0,149.0,-205.2,93.0
1690192541.0,160.7,-67.3,86.1
1690192556.0,146.2,-50.2,83.0
1690192571.0,86.1,-35.4,85.8
1690192586.0,159.9,-18.0,97.9
1690192601.0,114.7,-1.3,95.8
1690192616.0,116.2,-15.9,98.7
1690192631.0,115.5,-14.6,98.0
1690192646.0,129.2,-12.6,95.8
1690192661.0,118.7,-12.6,101.3
1690192676.0,130.9,-10.7,89.9
1690192691.0,130.5,-9.3,91.4
1690192706.0,117.8,-12.8,89.9
1690192721.0,114.3,-10.2,94.6
1690192736.0,117.6,-2.2,98.2
1690192751.0,122.8,-7.7,96.4
1690192766.0,122.1,-6.9,97.0
1690192781.0,135.6,-25.7,81.7
1690192796.0,123.7,-8.7,91.6
1690192811.0,118.9,-14.0,97.6
1690192826.0,120.6,-17.8,95.1
1690192841.0,125.6,-21.6,101.1
1690192856.0,115.9,-2.3,89.7
1690192871.0,79.5,9.1,51.6
1690192886.0,70.0,-2.4,46.9
1690192901.0,72.4,3.2,56.2
1690192916.0,54.0,28.5,65.3
1690192931.0,46.7,22.8,66.3
1690192946.0,41.5,10.3,51.8
1690192961.0,73.1,15.6,51.6
1690192976.0,71.1,8.1,51.7
1690192991.0,60.0,16.5,42.7
1690193006.0,74.3,-0.7,37.6
1690193021.0,126.6,-3.2,82.2
1690193036.0,145.6,-3.6,74.6
1690193051.0,146.2,-1.7,76.0
1690193066.0,149.8,-4.7,77.5
1690193081.0,133.6,-5.1,86.9
1690193096.0,130.6,-0.5,90.6
1690193111.0,111.3,-7.1,90.9
1690193126.0,113.1,-10.2,90.3
1690193141.0,126.2,-13.5,91.0
1690193156.0,83.6,-33.5,94.6
1690193171.0,128.0,-23.5,103.2
1690193186.0,129.5,-2.6,91.0
1690193201.0,127.4,-11.6,93.1
1690193216.0,129.5,-16.5,91.2
1690193231.0,135.6,-1.7,89.9
1690193246.0,122.3,-10.4,93.0
1690193261.0,123.3,-15.4,96.2
1690193276.0,127.3,-15.5,96.4
1690193291.0,126.9,-15.3,95.7
1690193306.0,108.8,11.5,63.6
1690193321.0,82.0,11.3,45.3
1690193336.0,78.6,10.6,43.9
1690193351.0,75.8,6.5,41.1
1690193366.0,73.0,6.2,43.2
1690193381.0,73.4,6.7,41.4
1690193396.0,76.6,7.5,42.3
1690193411.0,79.7,6.5,40.3
1690193426.0,79.3,4.7,40.8
1690193441.0,77.7,6.0,40.3
1690193456.0,45.3,-1.9,34.7
1690193471.0,54.5,1.1,37.6
1690193486.0,61.0,2.1,38.3
1690193501.0,62.9,1.9,39.2
1690193516.0,61.4,0.4,39.9
1690193531.0,127.6,-23.4,107.2
1690193546.0,128.7,-21.7,103.0
1690193561.0,138.5,-27.0,106.2
1690193576.0,129.3,-15.3,107.4
1690193591.0,134.9,-24.0,102.6
1690193606.0,132.4,-23.1,105.9
1690193621.0,126.0,-17.1,107.2
1690193636.0,126.2,-17.6,104.7
1690193651.0,123.6,-20.8,105.2
1690193666.0,127.4,-18.1,103.4
1690193681.0,121.4,-18.3,105.3
1690193696.0,135.8,-22.8,108.3
1690193711.0,123.9,-20.6,105.4
1690193726.0,143.2,-17.5,100.9
1690193741.0,127.8,-21.4,101.0
1690193756.0,133.3,-22.2,102.2
1690193771.0,126.5,-22.4,94.4
1690193786.0,139.7,-21.1,100.4
1690193801.0,130.4,-21.1,101.8
1690193816.0,132.0,-21.3,102.0
1690193831.0,133.4,-13.5,91.0
1690193846.0,134.7,-18.6,98.1
1690193861.0,129.9,-23.3,97.9
1690193876.0,122.9,-26.1,98.2
1690193891.0,127.0,-13.7,93.3
1690193906.0,122.2,-20.4,96.3
1690193921.0,120.9,-19.0,97.3
1690193936.0,124.5,-21.8,97.7
1690193951.0,130.9,-19.7,95.6
1690193966.0,133.2,-20.5,97.8
1690193981.0,123.7,-24.6,95.8
1690193996.0,128.7,-19.5,96.0
1690194011.0,127.3,-20.5,99.4
1690194026.0,140.8,-20.8,97.7
1690194041.0,127.3,-16.2,94.4
1690194056.0,119.8,-14.7,95.6
1690194071.0,127.4,-14.0,94.5
1690194086.0,128.7,-13.4,93.9
1690194101.0,123.7,-17.8,95.1
1690194116.0,126.2,-20.4,93.7
1690194131.0,140.5,-17.6,101.2
1690194146.0,138.6,-15.9,92.9
1690194161.0,134.8,-19.8,97.6
1690194176.0,139.2,-17.6,94.3
1690194191.0,130.9,-21.8,95.4
1690194206.0,125.5,-17.5,96.5
1690194221.0,135.4,-19.7,92.8
1690194236.0,124.7,-17.0,95.1
1690194251.0,136.8,-18.4,94.6
1690194266.0,134.0,-21.0,95.2
1690194281.0,127.8,-13.7,91.1
1690194296.0,127.4,-17.3,92.6
1690194311.0,134.5,-20.8,91.5
1690194326.0,123.5,-14.4,96.9
1690194341.0,137.6,-10.1,87.1
1690194356.0,122.4,-17.4,95.6
1690194371.0,120.4,-18.3,97.4
1690194386.0,127.7,-19.8,95.0
1690194401.0,130.3,-20.3,96.0
1690194416.0,125.3,-21.9,95.3
1690194431.0,126.1,-21.5,94.0
1690194446.0,126.6,-21.3,97.4
1690194461.0,127.0,-21.4,97.8
1690194476.0,133.0,-10.9,84.4
1690194491.0,130.2,-14.6,86.7
1690194506.0,128.6,-12.6,87.5
1690194521.0,147.6,-5.6,72.1
1690194536.0,145.7,4.4,67.9
1690194551.0,133.5,-2.6,92.6
1690194566.0,136.8,-14.1,97.5
1690194581.0,125.0,-13.6,98.4
1690194596.0,131.3,-15.0,99.1
1690194611.0,120.9,-21.7,92.6
1690194626.0,129.8,-13.8,96.4
1690194641.0,135.1,-16.3,96.0
1690194656.0,126.8,-16.3,94.2
1690194671.0,126.4,-14.5,86.7
1690194686.0,129.2,-18.0,90.3
1690194701.0,131.9,-14.7,93.9
1690194716.0,130.3,-13.8,98.0
1690194731.0,136.5,-15.0,99.2
1690194746.0,112.0,-21.3,82.1
1690194761.0,118.1,-16.0,91.6
1690194776.0,128.8,-13.6,93.5
1690194791.0,128.0,-12.0,93.4
1690194806.0,128.6,-13.4,95.9
1690194821.0,122.4,-14.4,93.2
1690194836.0,129.2,-14.6,94.9
1690194851.0,124.8,-12.0,95.7
1690194866.0,124.5,-10.6,95.4
1690194881.0,124.1,-19.0,93.7
1690194896.0,128.5,-11.9,93.4
1690194911.0,128.8,-11.7,95.7
1690194926.0,133.7,-12.1,95.6
1690194941.0,130.0,-14.1,94.9
1690194956.0,125.7,-12.6,95.3
1690194971.0,135.3,-11.7,95.8
1690194986.0,136.5,-19.2,93.6
1690195001.0,136.2,-19.0,94.5
1690195016.0,130.2,-14.8,96.1
1690195031.0,129.7,-11.9,93.9
1690195046.0,124.3,-10.7,97.0
1690195061.0,124.9,-13.6,95.6
1690195076.0,138.4,-10.2,90.2
1690195091.0,126.4,-13.6,94.5
1690195106.0,126.4,-14.0,94.4
1690195121.0,126.2,-14.0,96.8
1690195136.0,133.8,-9.3,85.3
1690195151.0,102.1,-1.6,76.2
1690195166.0,114.1,-8.7,90.7
1690195181.0,128.5,-15.8,92.5
1690195196.0,136.3,-7.7,83.9
1690195211.0,130.2,-8.1,88.5
1690195226.0,140.7,-5.3,93.2
1690195241.0,117.2,-17.1,88.0
1690195256.0,123.2,-5.9,94.9
1690195271.0,126.5,-15.1,86.6
1690195286.0,122.5,-15.1,91.5
1690195301.0,121.7,-20.2,91.1
1690195316.0,119.1,-16.1,95.7
1690195331.0,128.2,-15.4,95.3
1690195346.0,122.9,-15.0,94.0
1690195376.0,122.0,-18.1,97.2
1690195391.0,121.7,-17.5,97.3
1690195406.0,124.6,-14.3,93.2
1690195421.0,136.4,-17.3,91.2
1690195436.0,123.5,-14.6,94.1
1690195451.0,125.6,-18.8,99.6
1690195466.0,123.8,-16.4,97.9
1690195481.0,119.1,-18.6,89.3
1690195496.0,118.8,-16.3,92.0
1690195511.0,131.8,-11.2,94.0
1690195526.0,128.2,-13.1,93.7
1690195541.0,122.1,-14.7,93.4
1690195556.0,116.1,-10.0,92.5
1690195571.0,118.0,-14.2,94.1
1690195586.0,124.7,-12.0,95.2
1690195601.0,133.7,-3.2,90.0
1690195616.0,127.9,-15.4,80.7
1690195631.0,134.3,-12.3,84.6
1690195646.0,127.0,-9.0,89.0
1690195661.0,122.8,-5.6,91.6
1690195676.0,106.5,-7.2,71.5
1690195691.0,123.6,-9.1,91.2
1690195706.0,111.2,-18.7,89.5
1690195721.0,121.7,-12.9,91.6
1690195736.0,121.5,-14.6,89.3
1690195751.0,119.8,-15.1,91.9
1690195766.0,121.3,-14.3,95.9
1690195781.0,125.7,-15.7,95.7
1690195796.0,127.9,-4.2,86.6
1690195811.0,138.7,-17.7,90.9
1690195826.0,134.3,-16.6,86.1
1690195841.0,126.8,-24.7,93.7
1690195856.0,136.0,-18.8,99.8
1690195871.0,130.8,-19.0,90.7
1690195886.0,137.6,-14.0,91.5
1690195901.0,129.0,-16.1,98.8
1690195916.0,128.8,-14.7,94.0
1690195931.0,132.6,-16.3,98.5
1690195946.0,146.4,-5.5,91.6
1690195961.0,133.3,-16.7,92.8
1690195976.0,138.3,-18.0,97.5
1690195991.0,136.5,-16.2,91.0
1690196006.0,136.1,-16.7,92.1
1690196021.0,117.2,-20.4,86.2
1690196036.0,130.0,-15.8,92.6
1690196051.0,129.9,-19.6,93.4
1690196066.0,105.5,-32.8,92.4
1690196081.0,134.3,-18.8,96.9
1690196096.0,134.0,-20.0,95.1
1690196111.0,133.7,-17.8,94.7
1690196126.0,133.7,-9.0,101.0
1690196141.0,136.8,-17.4,95.1
1690196156.0,125.0,-16.3,94.7
1690196171.0,136.9,-15.9,92.8
1690196186.0,137.6,-14.7,94.2
1690196201.0,133.6,-16.5,93.9
1690196216.0,135.0,-18.3,94.8
1690196231.0,132.5,-18.7,96.7
1690196246.0,135.8,-19.0,95.0
1690196261.0,125.0,-16.0,94.9
1690196276.0,121.6,-12.5,97.1
1690196291.0,125.1,-20.1,95.4
1690196306.0,131.0,-22.0,95.3
1690196321.0,132.6,-19.4,94.2
1690196336.0,125.1,-16.5,85.7
1690196351.0,127.5,-18.4,98.2
1690196366.0,133.4,-8.3,89.9
1690196381.0,129.5,-13.8,96.1
1690196396.0,127.7,-19.5,100.9
1690196411.0,137.0,-17.0,102.8
1690196426.0,136.2,-14.7,100.1
1690196441.0,172.4,-74.0,65.5
1690196456.0,187.3,-70.0,64.8
1690196471.0,186.9,-72.5,64.9
1690196486.0,181.9,-76.1,71.7
1690196501.0,179.5,-69.4,70.0
1690196516.0,180.6,-73.0,70.7
1690196531.0,177.0,-73.0,66.0
1690196546.0,177.3,-74.6,74.5
1690196561.0,186.8,-74.2,62.9
1690196576.0,183.2,-73.3,64.3
1690196591.0,174.7,-67.5,67.5
1690196606.0,186.2,-75.7,58.4
1690196621.0,186.4,-69.5,43.8
1690196636.0,177.6,-68.7,63.0
1690196651.0,175.3,-69.5,57.0
1690196666.0,171.5,-64.9,55.1
1690196681.0,178.4,-67.9,58.5
1690196696.0,181.6,-64.7,55.9
1690196711.0,177.7,-68.1,57.1
1690196726.0,179.2,-70.4,56.6
1690196741.0,158.2,-65.5,53.8
1690196756.0,158.5,-72.0,49.5
1690196771.0,155.4,-68.7,49.2
1690196786.0,155.4,-67.7,41.8
1690196801.0,166.6,-69.9,41.5
1690196816.0,159.2,-65.4,39.7
1690196831.0,149.5,-64.3,54.8
1690196846.0,138.3,-63.2,61.7
1690196861.0,143.4,-62.9,60.6
1690196876.0,181.9,-74.6,69.2
1690196891.0,162.0,-65.0,60.3
1690196906.0,179.7,-71.6,64.8
1690196921.0,182.7,-75.4,68.7
1690196936.0,175.9,-74.7,58.5
1690196951.0,167.3,-71.5,56.8
1690196966.0,118.2,2.1,70.7
1690196981.0,113.7,-12.9,100.8
1690196996.0,140.8,-24.9,102.6
1690197011.0,144.2,-28.9,103.0
1690197026.0,127.8,-32.0,100.2
1690197041.0,138.6,-28.6,97.3
1690197056.0,133.9,-31.5,101.1
1690197071.0,139.1,-28.2,105.6
1690197086.0,147.5,-23.8,108.4
1690197101.0,151.0,-26.9,101.2
1690197116.0,132.0,-23.1,100.7
1690197131.0,134.8,-24.3,103.5
1690197146.0,131.2,-21.6,102.1
1690197161.0,104.7,-10.1,95.4
1690197176.0,124.6,-16.6,99.0
1690197191.0,114.1,-16.5,96.3
1690197206.0,76.1,148.0,-126.2
1690197221.0,123.5,-18.6,98.8
1690197236.0,168.9,128.8,24.2
1690197251.0,125.4,-21.4,98.5
1690197266.0,127.0,-21.1,99.0
1690197281.0,128.7,-17.7,99.7
1690197296.0,289.3,-92.6,264.5
1690197311.0,123.7,-71.9,176.5
1690197326.0,123.0,-18.8,99.0
1690197341.0,226.5,2.9,64.0
1690197356.0,127.1,-20.2,95.1
1690197371.0,101.4,-22.9,88.3
1690197386.0,142.4,-4.0,102.5
1690197401.0,145.1,-14.0,97.5
1690197416.0,134.8,-21.7,103.7
1690197431.0,135.2,-17.5,100.1
1690197446.0,69.7,28.5,68.2
1690197461.0,157.4,-17.4,101.5
1690197476.0,136.4,-17.6,102.7
1690197491.0,138.1,-18.6,95.5
1690197506.0,80.4,8.8,35.2
1690197521.0,96.1,-6.2,49.8
1690197536.0,120.0,2.1,55.1
1690197551.0,85.0,26.4,21.7
1690197566.0,96.9,15.6,51.1
1690197581.0,83.1,11.8,38.2
1690197596.0,107.4,10.0,51.8
1690197611.0,90.2,11.1,38.1
1690197626.0,134.0,35.7,58.9
1690197641.0,36.4,7.6,34.7
1690197656.0,58.7,-4.4,55.1
1690197671.0,80.5,15.5,53.7
1690197686.0,84.6,5.2,46.3
1690197701.0,87.9,11.5,49.1
1690197716.0,65.9,4.5,38.5
1690197731.0,-401.3,-0.4,-362.5
1690197746.0,-37.4,-72.7,69.6
1690197761.0,82.1,8.9,43.4
1690197776.0,191.7,-112.9,-23.3
1690197791.0,140.1,-24.5,109.1
1690197806.0,141.6,-34.6,100.2
1690197821.0,130.1,-24.7,98.2
1690197836.0,120.2,-24.2,99.7
1690197851.0,128.7,-26.8,98.3
1690197866.0,133.0,-21.8,102.1
1690197881.0,132.7,-21.9,100.5
1690197896.0,122.6,-20.2,100.3
1690197911.0,138.4,-23.6,106.7
1690197926.0,163.4,-13.9,114.5
1690197941.0,131.6,14.2,23.4
1690197956.0,124.2,-24.8,101.6
1690197971.0,126.7,-26.7,104.3
1690197986.0,144.7,-20.6,103.0
1690198001.0,137.3,-29.9,97.4
1690198016.0,141.8,-20.4,110.3
1690198031.0,137.4,-29.5,97.1
1690198046.0,120.5,-15.9,97.3
1690198061.0,136.6,-22.7,103.9
1690198076.0,134.2,-23.2,107.2
1690198091.0,132.6,-30.4,100.2
1690198106.0,121.4,-23.2,110.9
1690198121.0,104.5,-13.3,31.8
1690198136.0,132.7,-23.3,102.5
1690198151.0,120.6,-22.1,107.4
1690198166.0,136.3,-15.9,106.6
1690198181.0,125.4,-20.6,100.0
1690198196.0,nan,nan,nan
1690198211.0,115.7,-305.5,-82.7
1690198226.0,141.8,-4.8,91.0
1690198241.0,293.7,84.6,124.8
1690198256.0,121.6,-15.3,101.9
1690198271.0,128.9,-22.3,97.7
1690198286.0,118.0,-12.7,92.7
1690198301.0,117.1,-10.0,89.1
1690198316.0,126.3,-14.8,100.1
1690198331.0,127.9,-25.9,102.1
1690198346.0,144.6,-13.3,94.3
1690198361.0,144.5,-23.6,97.3
1690198376.0,148.6,-24.4,100.2
1690198391.0,129.5,-24.0,110.4
1690198406.0,139.2,-31.6,102.0
1690198421.0,106.0,0.4,51.4
1690198436.0,89.1,10.3,45.8
1690198451.0,177.1,-0.2,94.9
1690198466.0,94.8,-0.6,38.7
1690198481.0,150.0,-34.0,105.2
1690198496.0,148.3,-37.5,99.2
1690198511.0,110.6,-24.1,94.4
1690198526.0,132.1,-38.9,87.5
1690198541.0,130.2,-26.3,97.4
1690198556.0,126.5,-24.0,102.3
1690198571.0,133.6,-29.0,96.7
1690198586.0,122.7,-23.7,96.9
1690198601.0,141.1,10.7,78.0
1690198616.0,141.4,-18.9,102.5
1690198631.0,198.5,-55.0,71.1
1690198646.0,147.1,-25.2,86.7
1690198661.0,330.9,-295.1,251.3
1690198676.0,135.2,-23.3,87.6
1690198691.0,125.1,-19.4,86.4
1690198706.0,111.6,-13.7,84.3
1690198721.0,134.9,-10.8,85.9
1690198736.0,116.3,-15.9,86.2
1690198751.0,130.6,-19.1,92.3
1690198766.0,127.3,-30.6,110.7
1690198781.0,108.3,-23.7,87.7
1690198796.0,150.0,-12.3,93.7
1690198811.0,168.1,-68.5,58.5
1690198826.0,172.5,-69.7,59.1
1690198841.0,171.2,-71.7,61.2
1690198856.0,164.9,-73.6,55.6
1690198871.0,180.5,-76.7,48.0
1690198886.0,179.4,-72.1,55.0
1690198901.0,167.8,-70.3,53.5
1690198916.0,177.2,-74.0,57.6
1690198931.0,146.5,-49.9,-36.2
1690198946.0,472.6,-37.3,333.2
1690198961.0,1.2,257.4,-44.5
1690198976.0,178.0,-73.0,53.9
1690198991.0,177.8,-73.0,52.0
1690199006.0,169.6,-69.2,47.6
1690199036.0,170.3,-73.1,52.0
1690199051.0,152.5,-76.6,43.1
1690199066.0,181.4,-63.1,57.2
1690199081.0,170.7,-81.6,66.8
1690199096.0,213.4,-371.7,-218.4
1690199111.0,73.2,-95.4,37.8
1690199126.0,177.4,-73.7,50.6
1690199141.0,179.1,-76.6,48.5
1690199156.0,161.4,-71.5,51.7
1690199171.0,167.1,-78.9,56.8
1690199186.0,150.8,-63.0,40.0
1690199201.0,218.7,-126.4,75.3
1690199216.0,217.4,-66.8,124.1
1690199231.0,146.3,-11.9,95.5
1690199246.0,132.7,-4.9,91.3
1690199261.0,133.9,-27.6,100.9
1690199276.0,132.8,-29.2,100.5
1690199291.0,141.3,-34.2,98.6
1690199306.0,132.4,-20.4,93.9
1690199321.0,137.2,-21.8,106.2
1690199336.0,145.8,-25.0,108.2
1690199351.0,131.3,-20.1,94.3
1690199366.0,128.1,-27.7,89.9
1690199381.0,136.3,-8.2,93.0
1690199396.0,148.1,-23.4,102.7
1690199411.0,187.3,-92.3,68.3
1690199426.0,146.2,-27.2,96.7
1690199441.0,140.3,-26.4,96.2
1690199456.0,133.4,-22.3,96.8
1690199471.0,144.9,-32.7,93.7
1690199486.0,139.9,-23.9,106.7
1690199501.0,165.7,-4.3,104.0
1690199516.0,132.8,-18.2,98.9
1690199531.0,149.4,-6.8,124.4
1690199546.0,158.6,-31.3,105.8
1690199561.0,124.5,-19.7,91.9
1690199576.0,-162.3,-64.3,105.3
1690199591.0,139.2,-13.8,110.8
1690199606.0,194.4,-68.5,151.6
1690199621.0,129.4,-22.0,105.5
1690199636.0,126.0,-22.3,110.8
1690199651.0,134.0,-20.5,98.7
1690199666.0,143.0,-22.3,104.0
1690199681.0,137.1,-31.9,92.2
1690199696.0,141.5,-18.2,98.7
1690199711.0,135.9,-18.0,100.9
1690199726.0,140.0,-19.1,103.4
1690199741.0,-34.8,-27.5,86.8
1690199756.0,126.3,-17.3,93.8
1690199771.0,132.0,-17.4,100.0
1690199786.0,142.2,-8.4,95.5
1690199801.0,171.6,-144.0,2.7
1690199816.0,135.5,-6.5,94.0
1690199831.0,66.1,-19.7,82.6
1690199846.0,129.2,-14.3,86.7
1690199861.0,131.9,-19.2,92.1
1690199876.0,130.7,-17.1,103.3
1690199891.0,144.9,-17.9,95.9
1690199906.0,135.7,-19.2,96.7
1690199921.0,146.5,-18.2,98.1
1690199936.0,130.7,-22.7,87.1
1690199951.0,nan,nan,nan
1690199966.0,127.6,-24.8,95.7
1690199981.0,137.2,-24.5,89.3
1690199996.0,134.5,-16.7,91.1
1690200011.0,146.9,-7.1,93.6
1690200026.0,183.5,97.0,13.0
1690200041.0,150.8,-13.2,88.8
1690200056.0,192.1,-22.2,108.8
1690200071.0,113.8,-25.2,47.1
1690200086.0,128.4,4.3,80.9
1690200101.0,151.9,-35.3,82.5
1690200116.0,137.7,-20.6,93.6
1690200131.0,137.6,-11.0,91.7
1690200146.0,140.7,-15.6,98.9
1690200161.0,175.3,-2.8,107.3
1690200176.0,164.3,-30.6,123.5
1690200191.0,nan,nan,nan
1690200206.0,125.3,-17.4,91.5
1690200221.0,124.0,-15.0,87.1
1690200236.0,143.0,-20.8,92.9
1690200251.0,137.0,-22.7,95.0
1690200266.0,121.1,-13.3,86.4
1690200281.0,211.9,-77.5,192.8
1690200296.0,133.8,-22.7,92.5
1690200311.0,140.0,-17.9,96.1
1690200326.0,141.6,-13.6,92.4
1690200341.0,137.8,-6.5,94.7
1690200356.0,151.2,-15.5,91.7
1690200371.0,-135.2,-8.6,76.5
1690200386.0,114.7,-5.1,81.8
1690200401.0,128.0,-22.5,92.7
1690200416.0,62.3,-16.6,74.8
1690200431.0,126.5,-6.7,83.5
1690200446.0,184.3,218.8,-58.4
1690200461.0,-484.9,45.3,500.0
1690200476.0,134.7,-15.4,88.9
1690200491.0,147.8,-8.4,95.8
1690200506.0,146.8,-5.5,95.8
1690200521.0,61.5,-3.6,29.3
1690200536.0,133.9,-41.9,81.0
1690200551.0,135.3,-4.4,87.1
1690200566.0,116.6,-17.7,89.4
1690200581.0,343.9,137.4,62.8
1690200596.0,103.4,-28.2,88.8
1690200611.0,146.4,-6.5,93.4
1690200626.0,125.7,-10.7,89.6
1690200641.0,125.9,-16.1,99.2
1690200656.0,125.5,-16.3,94.6
1690200671.0,118.8,-14.3,96.1
1690200686.0,100.4,-26.3,116.8
1690200701.0,133.5,-7.5,97.1
1690200716.0,137.1,-14.1,98.6
1690200731.0,136.0,-11.3,100.0
1690200746.0,129.9,-13.4,97.5
1690200761.0,127.9,-1.9,85.2
1690200776.0,103.0,-30.5,127.1
1690200791.0,135.4,0.6,92.3
1690200806.0,131.3,-15.0,100.2
1690200821.0,137.1,-21.2,88.3
1690200836.0,153.5,-1.7,93.2
1690200866.0,138.7,-9.9,97.1
1690200881.0,125.6,-15.0,93.0
1690200896.0,126.9,-17.0,87.0
1690200911.0,138.0,-11.1,90.6
1690200926.0,157.4,-61.0,64.6
1690200941.0,131.0,-24.2,92.9
1690200956.0,129.7,-19.5,95.5
1690200971.0,114.7,-12.5,88.8
1690200986.0,138.5,-16.5,89.9
1690201001.0,146.1,-23.7,89.6
1690201016.0,135.7,-15.7,95.5
1690201031.0,138.5,-19.0,93.2
1690201046.0,136.0,-22.0,95.6
1690201061.0,135.5,-17.5,92.6
1690201076.0,132.6,-21.8,90.9
1690201091.0,143.4,-13.9,91.4
1690201106.0,140.5,-23.7,93.3
1690201121.0,141.8,-6.6,93.4
1690201136.0,132.4,-14.9,97.9
1690201151.0,137.3,-16.1,95.8
1690201166.0,131.4,-21.9,94.4
1690201181.0,133.7,-20.9,95.6
1690201196.0,141.2,-39.6,89.4
1690201211.0,133.3,-20.6,91.6
1690201226.0,133.3,-27.3,95.0
1690201241.0,136.0,-27.5,96.3
1690201256.0,135.7,-23.7,95.2
1690201271.0,127.4,-1.5,82.8
1690201286.0,131.9,-27.5,89.6
1690201301.0,145.6,-21.7,93.4
1690201316.0,145.9,-22.2,92.7
1690201331.0,137.6,-27.1,94.4
1690201346.0,142.5,-20.7,89.4
1690201361.0,130.2,-22.6,91.2
1690201376.0,144.8,-17.0,96.1
1690201391.0,130.8,-24.8,93.5
1690201406.0,141.0,-19.7,94.0
1690201421.0,88.9,-42.0,75.9
1690201436.0,130.8,-26.6,90.5
1690201451.0,122.0,-27.2,96.6
1690201466.0,149.9,-15.6,102.9
1690201481.0,113.9,1.3,82.4
1690201496.0,146.3,-15.3,83.3
1690201511.0,124.6,-18.2,81.6
1690201526.0,136.5,-18.9,92.4
1690201541.0,130.3,-15.1,97.2
1690201556.0,143.4,-7.0,84.3
1690201571.0,134.1,-24.7,85.2
1690201586.0,135.6,-22.5,94.4
1690201601.0,137.4,-17.3,96.3
1690201616.0,142.2,-18.6,96.2
1690201631.0,139.3,-16.0,96.2
1690201646.0,140.3,-20.1,95.4
1690201661.0,140.3,-21.1,94.9
1690201676.0,140.0,-18.4,97.4
1690201691.0,133.3,-17.3,95.8
1690201706.0,143.8,-18.5,98.3
1690201721.0,140.1,-16.1,94.2
1690201736.0,130.1,-22.2,94.1
1690201751.0,134.6,-17.9,93.2
1690201766.0,132.4,-19.2,95.5
1690201781.0,134.2,-18.7,92.6
1690201796.0,130.5,-23.5,87.9
1690201811.0,129.0,-18.8,95.4
1690201826.0,139.6,-2.2,88.8
1690201841.0,125.7,-20.6,102.3
1690201856.0,137.4,-13.8,95.5
1690201871.0,129.1,-21.7,94.9
1690201886.0,134.5,-19.0,96.2
1690201901.0,137.2,-23.2,97.1
1690201916.0,132.1,-21.0,97.6
1690201931.0,131.4,-24.8,91.8
1690201946.0,140.2,-21.3,95.5
1690201961.0,134.3,-16.4,96.9
1690201976.0,133.5,-27.2,94.9
1690201991.0,136.0,-11.1,95.0
1690202006.0,133.7,-23.2,89.6
1690202021.0,134.1,-23.7,94.0
1690202036.0,134.8,-25.7,92.1
1690202051.0,135.9,-20.2,96.4
1690202066.0,133.4,-19.3,87.3
1690202081.0,131.4,-23.1,92.3
1690202096.0,130.4,-24.5,90.3
1690202111.0,133.4,-26.0,90.6
1690202126.0,118.4,-1.3,90.1
1690202141.0,141.6,-21.5,97.7
1690202156.0,144.4,-14.0,92.0
1690202171.0,141.4,-18.1,103.8
1690202186.0,133.2,-28.7,100.9
1690202201.0,132.0,-24.5,95.2
1690202216.0,137.3,-22.3,96.8
1690202231.0,139.7,-14.9,90.6
1690202246.0,146.4,-17.4,99.7
1690202261.0,132.6,-18.4,93.4
1690202276.0,138.1,-17.7,98.3
1690202291.0,137.7,-23.3,89.4
1690202306.0,141.6,-22.8,82.6
1690202321.0,141.8,-19.4,87.1
1690202336.0,118.2,13.2,76.3
1690202351.0,145.3,-33.5,91.5
1690202366.0,145.3,-24.4,95.0
1690202381.0,127.6,-25.9,82.5
1690202396.0,146.8,-16.1,91.1
1690202411.0,140.8,-20.2,94.4
1690202426.0,104.5,-29.6,86.6
1690202441.0,148.8,-14.5,99.0
1690202456.0,141.0,-19.6,92.1
1690202471.0,137.9,-23.6,87.3
1690202486.0,139.0,-18.9,93.7
1690202501.0,129.0,-18.9,93.7
1690202516.0,128.2,-24.3,88.8
1690202531.0,133.8,-7.2,85.0
1690202546.0,131.9,-5.6,95.2
1690202561.0,142.5,-15.7,88.2
1690202576.0,143.4,-24.7,87.0
1690202591.0,146.9,-18.9,91.0
1690202606.0,137.3,-20.3,92.7
1690202621.0,135.3,-15.6,94.3
1690202636.0,134.3,-15.8,89.9
1690202651.0,137.4,-15.9,88.8
1690202666.0,139.2,-18.3,87.6
1690202681.0,130.7,-12.6,101.6
1690202696.0,130.6,-19.7,92.5
1690202711.0,125.2,-22.2,92.4
1690202726.0,129.2,-18.7,92.4
1690202741.0,136.1,-17.9,93.9
1690202756.0,133.0,-19.7,85.7
1690202771.0,137.1,-17.7,91.5
1690202786.0,133.7,-20.3,94.3
1690202801.0,138.4,-19.3,89.6
1690202816.0,138.1,-18.0,89.1
1690202831.0,137.1,-18.8,93.6
1690202846.0,135.9,-8.3,83.3
1690202861.0,140.8,-18.2,84.9
1690202876.0,146.4,-7.1,104.1
1690202891.0,139.7,-21.2,94.9
1690202906.0,146.8,-9.3,96.8
1690202921.0,138.8,-13.0,87.2
1690202936.0,135.5,-17.5,92.1
1690202951.0,136.3,-14.0,95.4
1690202966.0,130.8,-16.8,98.6
1690202981.0,138.0,-16.2,98.1
1690202996.0,179.0,-1.0,62.8
1690203011.0,151.4,3.7,70.6
1690203026.0,160.1,7.4,68.9
1690203041.0,160.0,-3.2,73.2
1690203056.0,170.0,-75.9,60.7
1690203071.0,166.0,-72.7,60.1
1690203086.0,170.7,-74.4,62.2
1690203101.0,168.7,-74.5,61.2
1690203116.0,165.5,-72.9,62.1
1690203131.0,169.1,-73.7,59.8
1690203146.0,169.6,-73.6,60.1
1690203161.0,169.8,-71.2,59.5
1690203176.0,171.3,-71.9,59.4
1690203191.0,170.3,-71.7,60.5
1690203206.0,149.7,-17.7,86.3
1690203221.0,118.4,-12.5,93.4
1690203236.0,126.8,-14.1,99.3
1690203251.0,124.6,-18.6,97.3
1690203266.0,135.5,-21.8,97.3
1690203281.0,151.9,-20.0,101.4
1690203296.0,125.2,-4.2,92.2
1690203311.0,72.4,-2.1,51.9
1690203326.0,70.9,11.1,42.3
1690203341.0,68.4,9.4,43.2
1690203356.0,68.6,9.2,43.4
1690203371.0,68.4,8.6,42.3
1690203386.0,66.5,10.7,44.0
1690203401.0,65.5,8.3,43.2
1690203416.0,139.0,-3.0,95.8
1690203431.0,137.6,-20.7,94.9
1690203446.0,135.7,-20.6,99.6
1690203461.0,141.8,-20.3,93.5
1690203476.0,136.2,-19.5,94.7
1690203491.0,135.7,-20.9,98.3
1690203506.0,138.8,-24.3,98.3
1690203521.0,137.9,-27.3,98.5
1690203536.0,136.0,-22.3,98.9
1690203551.0,138.6,-25.7,99.4
1690203566.0,133.6,-23.8,94.8
1690203581.0,133.1,-19.1,93.8
1690203596.0,134.7,-26.5,99.9
1690203611.0,136.2,-27.9,98.9
1690203626.0,137.7,-25.6,100.5
1690203641.0,139.4,-24.5,99.0
1690203656.0,139.3,-25.6,98.9
1690203671.0,138.8,-25.2,100.7
1690203686.0,138.5,-26.0,97.7
1690203701.0,134.1,-25.4,100.9
1690203716.0,75.9,9.5,41.9
1690203731.0,69.5,7.0,41.9
1690203746.0,131.6,-11.4,99.3
1690203761.0,124.6,-22.0,103.2
1690203776.0,146.6,-29.0,107.8
1690203791.0,145.4,-30.3,116.2
1690203806.0,139.4,-27.2,107.6
1690203821.0,144.9,-28.7,101.5
1690203836.0,145.2,-27.7,107.5
1690203851.0,150.5,-29.4,108.0
1690203866.0,135.4,-28.2,104.7
1690203881.0,135.9,-26.1,100.3
1690203896.0,137.3,-29.1,101.3
1690203911.0,141.8,-30.1,101.0
1690203926.0,138.5,-28.8,97.1
1690203941.0,130.8,-19.9,102.3
1690203956.0,143.1,-3.2,84.7
1690203971.0,128.0,-11.5,93.1
1690203986.0,127.6,-16.3,94.8
1690204001.0,124.5,-17.7,94.1
1690204016.0,124.0,-13.7,95.6
1690204031.0,123.4,-10.8,86.2
1690204046.0,134.3,-10.2,97.3
1690204061.0,174.1,-9.0,102.0
1690204076.0,189.5,-30.2,121.4
1690204091.0,180.8,-22.3,117.0
1690204106.0,154.0,-19.7,105.8
1690204121.0,188.1,-10.7,91.0
1690204136.0,211.2,-58.5,123.8
1690204151.0,151.9,-3.2,105.1
1690204166.0,176.4,-10.5,90.2
1690204181.0,184.4,-52.4,114.4
1690204196.0,126.2,-81.5,142.2
1690204211.0,162.0,-60.1,138.4
1690204226.0,206.7,-97.0,136.6
1690204241.0,133.9,-71.9,134.4
1690204256.0,209.1,-112.9,123.5
1690204271.0,216.1,-167.8,128.7
1690204286.0,170.3,-135.7,123.2
1690204301.0,201.1,-238.3,102.5
1690204316.0,384.7,-443.3,152.4
1690204331.0,378.4,-450.9,144.5
1690204346.0,360.9,-713.3,106.1
1690204361.0,369.5,-705.6,108.7
1690204376.0,369.6,-719.4,114.7
1690204391.0,367.4,-716.7,99.1
1690204406.0,356.8,-689.0,144.4
1690204421.0,380.1,-723.3,105.5
1690204436.0,338.0,-716.7,88.5
1690204451.0,346.8,-699.6,148.1
1690204466.0,392.6,-705.3,138.6
1690204481.0,358.0,-714.3,103.2
1690204511.0,344.8,-710.2,86.9
1690204526.0,368.8,-734.3,113.1
1690204541.0,384.3,-729.2,103.6
1690204556.0,362.8,-721.8,113.5
1690204571.0,365.0,-717.0,88.4
1690204586.0,365.1,-703.3,125.4
1690204601.0,355.5,-711.3,106.3
1690204616.0,361.4,-694.0,142.1
1690204631.0,358.8,-707.3,94.6
1690204646.0,357.6,-694.0,149.5
1690204661.0,352.0,-712.5,89.8
1690204676.0,358.4,-676.5,146.9
1690204691.0,337.2,-721.8,82.3
1690204706.0,356.3,-654.9,105.3
1690204721.0,357.9,-712.8,108.9
1690204736.0,349.5,-707.3,113.3
1690204751.0,350.5,-716.2,103.9
1690204766.0,466.6,-568.9,123.8
1690204781.0,721.7,-145.0,107.3
1690204796.0,938.0,-69.7,108.2
1690204811.0,984.7,-45.5,121.0
1690204826.0,984.5,-43.5,117.3
1690204841.0,982.4,-44.2,131.3
1690204856.0,981.8,-38.2,151.0
1690204871.0,987.9,-29.5,169.9
1690204886.0,962.4,-48.6,114.1
1690204901.0,965.6,-66.5,150.2
1690204916.0,972.0,-17.7,121.1
1690204931.0,766.6,-228.1,113.9
1690204946.0,361.0,-460.2,131.3
1690204961.0,212.3,-625.1,155.3
1690204976.0,41.4,-497.6,121.4
1690204991.0,-383.7,-582.2,126.7
1690205006.0,-349.9,-681.9,131.3
1690205021.0,-390.2,-714.3,96.3
1690205036.0,-399.8,-723.9,96.0
1690205051.0,-386.3,-719.6,132.8
1690205066.0,-384.2,-722.4,111.0
1690205081.0,-360.6,-739.0,110.9
1690205096.0,-376.0,-729.1,100.7
1690205111.0,-386.8,-706.6,143.9
1690205126.0,-394.1,-736.8,95.5
1690205141.0,-392.6,-734.6,124.4
1690205156.0,-267.4,-913.7,192.9
1690205171.0,-354.7,-719.7,99.0
1690205186.0,-357.0,-722.6,108.7
1690205201.0,-394.0,-724.0,86.8
1690205216.0,-390.2,-689.0,155.0
1690205231.0,-352.0,-745.2,99.8
1690205246.0,-388.1,-689.6,158.6
1690205261.0,-376.0,-739.0,101.2
1690205276.0,-377.3,-693.0,158.6
1690205291.0,-427.6,-612.2,80.9
1690205306.0,-394.2,-708.8,147.3
1690205321.0,-392.3,-723.1,115.8
1690205336.0,-404.4,-752.1,106.5
1690205351.0,-390.1,-702.1,161.4
1690205366.0,-395.2,-707.7,162.7
1690205381.0,-406.0,-737.5,104.5
1690205396.0,-401.7,-708.9,164.9
1690205411.0,-438.0,-716.9,100.6
1690205426.0,-423.3,-811.7,129.8
1690205441.0,-439.5,-706.9,157.4
1690205456.0,-421.1,-734.5,108.6
1690205471.0,-442.9,-740.0,86.7
1690205486.0,-462.9,-717.9,157.9
1690205501.0,-461.8,-699.5,146.9
1690205516.0,-443.3,-711.5,161.8
1690205531.0,-466.9,-729.2,121.4
1690205546.0,-465.1,-728.4,100.6
1690205561.0,-438.5,-745.9,92.1
1690205576.0,-442.8,-695.0,157.2
1690205591.0,-454.6,-720.4,112.8
1690205606.0,-438.6,-695.3,158.4
1690205621.0,-435.5,-683.9,102.2
1690205636.0,-465.8,-716.8,72.7
1690205651.0,-476.1,-697.9,151.1
1690205666.0,-465.5,-725.2,111.1
1690205681.0,-569.2,-637.1,138.7
1690205696.0,-573.3,-741.7,99.7
1690205711.0,-571.8,-839.5,140.8
1690205726.0,-570.3,-687.6,150.7
1690205741.0,-532.6,-749.7,120.7
1690205756.0,-528.4,-745.7,107.1
1690205771.0,-568.3,-681.4,153.2
1690205786.0,-572.9,-710.9,151.0
1690205801.0,-530.4,-626.4,131.3
1690205816.0,-530.2,-745.9,141.5
1690205831.0,-483.4,-732.3,109.5
1690205846.0,-526.4,-685.2,154.5
1690205861.0,-506.5,-714.7,106.5
1690205876.0,-491.1,-769.3,111.1
1690205891.0,-509.4,-712.9,125.5
1690205906.0,-512.0,-697.0,151.9
1690205921.0,-519.3,-695.9,158.9
1690205936.0,-575.1,-536.8,116.7
1690205951.0,-583.8,-543.9,134.9
1690205966.0,-650.2,-611.9,133.1
1690205981.0,-630.1,-623.4,132.1
1690205996.0,-605.4,-749.7,82.7
1690206011.0,-648.8,-713.6,105.6
1690206026.0,-634.6,-686.8,130.8
1690206041.0,-635.5,-689.9,137.7
1690206056.0,-653.4,-716.7,107.9
1690206071.0,-632.8,-696.2,148.0
1690206086.0,-646.7,-710.1,148.4
1690206101.0,-624.5,-746.5,98.7
1690206116.0,-655.3,-739.6,135.0
1690206131.0,-639.0,-680.9,119.4
1690206146.0,-660.4,-676.3,125.9
1690206161.0,-628.6,-703.3,145.5
1690206176.0,-647.7,-736.2,102.0
1690206191.0,-666.3,-701.0,156.9
1690206206.0,-651.0,-743.0,110.6
1690206221.0,-649.0,-675.8,149.2
1690206236.0,-637.9,-720.9,93.2
1690206251.0,-656.8,-694.7,138.2
1690206266.0,-694.5,-636.3,140.3
1690206281.0,-624.2,-692.9,137.6
1690206296.0,-642.2,-694.4,146.2
1690206311.0,-675.4,-683.6,119.8
1690206326.0,-592.2,-630.9,103.5
1690206341.0,-613.4,-608.0,135.0
1690206356.0,-434.4,-620.5,110.1
1690206371.0,-138.6,-586.2,141.4
1690206386.0,-125.9,-612.6,143.7
1690206401.0,-123.1,-700.9,109.8
1690206416.0,-66.0,-621.9,153.6
1690206431.0,-61.6,-697.6,93.0
1690206446.0,-77.0,-685.9,147.4
1690206461.0,-83.3,-698.4,149.7
1690206476.0,-81.2,-690.9,152.4
1690206491.0,-54.9,-702.5,89.3
1690206506.0,-68.6,-700.7,97.1
1690206521.0,-82.1,-688.4,155.6
1690206536.0,-86.8,-698.5,151.7
1690206551.0,-144.1,-697.4,99.1
1690206566.0,-149.1,-689.8,151.2
1690206581.0,-147.9,-691.2,155.1
1690206596.0,-169.0,-740.1,95.5
1690206611.0,-150.1,-703.2,156.8
1690206626.0,-136.2,-709.5,112.2
1690206641.0,-148.0,-717.2,93.9
1690206656.0,-139.5,-710.4,131.9
1690206671.0,-99.3,-763.4,114.2
1690206686.0,-142.6,-694.4,146.2
1690206701.0,-151.6,-728.0,86.8
1690206716.0,-139.2,-693.3,142.0
1690206731.0,-151.1,-697.2,149.0
1690206746.0,-176.0,-684.8,99.1
1690206761.0,-147.8,-690.3,149.7
1690206776.0,-143.0,-691.2,147.4
1690206791.0,-151.2,-728.2,87.2
1690206806.0,-153.8,-690.9,142.6
1690206821.0,-151.7,-705.3,144.8
1690206836.0,-138.6,-712.2,149.5
1690206851.0,-140.3,-712.9,145.5
1690206866.0,-173.0,-748.8,126.6
1690206881.0,-159.0,-794.8,111.8
1690206896.0,-145.8,-692.3,153.7
1690206911.0,-135.4,-706.3,143.9
1690206926.0,-151.2,-699.3,150.5
1690206941.0,-157.9,-726.2,157.4
1690206956.0,-168.4,-669.5,126.0
1690206971.0,-154.1,-629.8,168.8
1690206986.0,-97.1,-621.8,108.2
1690207001.0,-81.9,-718.9,91.5
1690207016.0,-97.5,-735.0,98.1
1690207031.0,-83.6,-696.7,155.2
1690207046.0,-89.3,-701.6,151.9
1690207061.0,-90.7,-736.1,99.0
1690207076.0,-87.6,-706.6,150.7
1690207091.0,-89.9,-701.7,155.7
1690207106.0,-84.9,-755.3,94.7
1690207121.0,-86.4,-700.2,147.0
1690207136.0,-57.6,-716.0,111.5
1690207151.0,-94.8,-756.1,106.6
1690207166.0,-78.5,-723.0,82.0
1690207181.0,-82.4,-691.0,147.7
1690207196.0,-80.9,-695.3,154.7
1690207211.0,-85.5,-706.1,120.6
1690207226.0,-61.0,-728.8,128.1
1690207241.0,-80.5,-703.0,122.2
1690207256.0,-83.3,-685.7,153.4
1690207271.0,-83.0,-685.3,149.5
1690207286.0,-86.9,-679.8,146.1
1690207301.0,-176.1,-549.3,129.6
1690207316.0,-173.3,-557.3,132.9
1690207331.0,-226.3,-236.3,121.7
1690207346.0,-261.4,-291.4,109.4
1690207361.0,-293.3,-337.8,95.7
1690207376.0,-305.9,-270.5,100.9
1690207391.0,-301.4,-255.5,71.6
1690207406.0,-259.2,-222.1,76.5
1690207421.0,-305.0,-231.0,139.8
1690207436.0,-363.9,-116.2,144.1
1690207451.0,-315.7,-67.7,147.1
1690207466.0,-311.1,-66.1,99.1
1690207481.0,-374.0,-47.2,64.5
1690207496.0,-339.9,-23.1,94.9
1690207511.0,-326.4,-39.3,77.7
1690207526.0,-326.6,-42.7,69.3
1690207541.0,-329.4,-45.6,76.5
1690207556.0,-355.1,-24.1,86.6
1690207571.0,-344.0,-56.8,75.0
1690207586.0,-345.1,-63.1,85.7
1690207601.0,-333.4,-19.2,86.0
1690207616.0,-343.0,-33.1,80.5
1690207631.0,-341.8,-33.4,89.6
1690207646.0,-354.6,-36.3,81.0
1690207661.0,-371.6,-26.3,95.3
1690207676.0,-363.4,-35.5,88.5
1690207691.0,-354.0,-45.7,82.6
1690207706.0,-340.4,-36.2,77.9
1690207721.0,-354.0,-38.9,88.1
1690207736.0,-338.8,-42.0,78.7
1690207751.0,-352.2,-37.1,87.3
1690207766.0,-360.9,-32.4,88.4
1690207781.0,-297.5,-2.7,55.2
1690207796.0,-298.2,3.6,58.0
1690207811.0,-316.3,-55.1,71.3
1690207826.0,-341.9,-60.7,77.6
1690207841.0,-329.9,-59.4,69.6
1690207856.0,-352.4,-29.8,76.9
1690207871.0,-357.0,-33.8,76.7
1690207886.0,-355.6,-36.8,81.6
1690207901.0,-355.4,-32.3,76.3
1690207916.0,-346.2,-29.2,75.9
1690207931.0,-351.0,-32.8,75.6
1690207946.0,-347.6,-38.1,86.1
1690207961.0,-352.6,-35.4,92.5
1690207976.0,-352.0,-37.1,93.2
1690207991.0,-340.9,-43.9,86.4
1690208006.0,-351.8,-26.1,72.8
1690208021.0,-341.7,-40.3,79.2
1690208036.0,-341.8,-31.9,81.4
1690208051.0,-327.5,-43.5,70.8
1690208066.0,-347.6,-38.0,87.2
1690208081.0,-344.0,-36.4,90.3
1690208096.0,-330.7,-38.7,73.9
1690208111.0,-353.8,-41.5,82.9
1690208126.0,-348.8,-40.0,88.4
1690208156.0,-347.7,-43.5,91.5
1690208171.0,-345.5,-43.2,88.5
1690208186.0,-336.1,-43.2,81.2
1690208201.0,-341.2,-45.0,81.9
1690208216.0,-344.2,-43.4,86.3
1690208231.0,-334.9,-45.1,82.9
1690208246.0,-342.0,-40.6,88.2
1690208261.0,-359.3,-33.0,93.8
1690208276.0,-351.0,-44.2,80.1
1690208291.0,-362.0,-37.9,78.6
1690208306.0,-359.8,-33.5,77.6
1690208321.0,-365.5,-25.2,85.6
1690208336.0,-354.6,-31.0,87.3
1690208351.0,-349.2,-42.5,83.0
1690208366.0,-339.2,-40.8,76.2
1690208381.0,-337.0,-26.7,76.5
1690208396.0,-322.8,-45.1,70.8
1690208411.0,-352.1,-30.2,81.6
1690208426.0,-354.0,-31.9,78.3
1690208441.0,-348.4,-25.5,76.9
1690208456.0,-341.8,-24.9,65.8
1690208471.0,-352.2,-34.9,73.2
1690208486.0,-346.9,-38.3,71.5
1690208501.0,-359.0,-31.5,80.6
1690208516.0,-305.7,2.2,54.9
1690208531.0,-297.6,1.6,56.0
1690208546.0,-297.3,-2.7,54.8
1690208561.0,-296.5,1.7,57.6
1690208576.0,-297.2,2.2,56.0
1690208591.0,-292.8,3.8,54.5
1690208606.0,-293.9,4.5,56.6
1690208621.0,-274.9,7.0,49.4
1690208636.0,-283.3,0.1,55.4
1690208651.0,-303.2,-2.0,57.4
1690208666.0,-298.7,-1.5,59.0
1690208681.0,-303.8,0.5,65.0
1690208696.0,-299.3,-1.5,64.3
1690208711.0,-310.2,-3.6,65.5
1690208726.0,-303.8,0.4,63.0
1690208741.0,-306.6,0.8,61.6
1690208756.0,-364.5,-74.9,91.8
1690208771.0,-345.4,-45.5,89.3
1690208786.0,-351.1,-43.7,79.1
1690208801.0,-351.2,-52.2,92.1
1690208816.0,-379.0,-68.6,65.7
1690208831.0,-336.1,-77.9,55.7
1690208846.0,-368.2,-52.7,103.3
1690208861.0,-368.6,-51.4,89.0
1690208876.0,-350.3,-41.3,97.2
1690208891.0,-357.7,-32.6,80.6
1690208906.0,-362.2,-33.5,83.4
1690208921.0,-339.7,-37.3,75.2
1690208936.0,-351.2,-33.1,89.7
1690208951.0,-348.1,-38.9,88.8
1690208966.0,-345.4,-35.1,85.6
1690208981.0,-342.5,-44.2,83.5
1690208996.0,-340.8,-39.0,90.8
1690209011.0,-356.4,-49.5,81.6
1690209026.0,-376.6,-38.1,95.5
1690209041.0,-346.5,-38.9,94.9
1690209056.0,-358.5,-27.2,78.0
1690209071.0,-335.6,-29.8,76.6
1690209086.0,-335.5,-33.9,80.3
1690209101.0,-343.4,-33.6,87.1
1690209116.0,-345.7,-44.8,95.8
1690209131.0,-355.3,-46.4,89.9
1690209146.0,-347.5,-47.7,58.7
1690209161.0,-354.2,-39.0,88.6
1690209176.0,-339.3,-45.2,85.3
1690209191.0,-341.7,-47.5,86.5
1690209206.0,-339.8,-42.2,86.5
1690209221.0,-346.1,-41.7,89.6
1690209236.0,-303.4,-74.8,57.2
1690209251.0,-347.5,-44.6,90.8
1690209266.0,-349.1,-45.0,87.1
1690209281.0,-346.0,-47.8,84.8
1690209296.0,-347.6,-45.2,86.9
1690209311.0,-347.0,-44.0,89.1
1690209326.0,-351.7,-44.2,91.8
1690209341.0,-338.4,-29.8,87.4
1690209356.0,-325.7,-29.7,86.0
1690209371.0,-314.9,-44.3,72.5
1690209386.0,-362.6,-42.4,95.7
1690209401.0,-337.8,-46.7,85.0
1690209416.0,-350.0,-34.2,83.9
1690209431.0,-342.3,-40.7,88.6
1690209446.0,-341.9,-46.7,89.7
1690209461.0,-337.6,-57.6,78.4
1690209476.0,-346.2,-38.8,83.7
1690209491.0,-333.3,-49.5,77.1
1690209506.0,-365.8,-33.2,92.4
1690209521.0,-367.3,-32.7,87.9
1690209536.0,-347.9,-40.8,88.0
1690209551.0,-338.3,-46.9,78.8
1690209566.0,-364.1,-29.9,92.5
1690209581.0,-347.9,-42.6,84.7
1690209596.0,-334.1,-39.8,78.0
1690209611.0,-340.1,-39.1,82.2
1690209626.0,-346.3,-42.3,91.0
1690209641.0,-367.3,-31.2,84.5
1690209656.0,-347.4,-40.1,88.2
1690209671.0,-357.7,-32.5,93.7
1690209686.0,-369.7,-38.6,70.5
1690209701.0,-377.0,-16.9,90.3
1690209716.0,-356.1,-39.7,82.0
1690209731.0,-381.1,-37.7,71.1
1690209746.0,-382.0,-31.3,100.0
1690209761.0,-373.1,-53.4,83.3
1690209776.0,-356.6,-44.3,82.3
1690209791.0,-359.8,-35.5,89.2
1690209806.0,-231.3,-111.8,21.0
1690209821.0,-358.5,-38.2,96.3
1690209836.0,-344.1,-39.9,83.7
1690209851.0,-361.4,-34.7,101.1
1690209866.0,-306.3,-64.5,64.7
1690209881.0,-327.6,-45.0,79.8
1690209896.0,-337.6,-49.2,81.7
1690209911.0,-335.0,-46.6,85.9
1690209926.0,-336.3,-48.1,84.6
1690209941.0,-337.7,-47.1,85.5
1690209956.0,-343.9,-46.0,89.1
1690209971.0,-352.5,-47.7,93.8
1690209986.0,-344.4,-48.3,90.1
1690210001.0,-343.3,-47.5,90.1
1690210016.0,-352.8,-43.4,90.6
1690210031.0,-355.8,-43.5,97.2
1690210046.0,-343.0,-46.4,78.5
1690210061.0,-338.4,-66.6,69.0
1690210076.0,-357.3,-40.8,95.2
1690210091.0,-370.1,-34.8,90.4
1690210106.0,-337.5,-46.4,79.5
1690210121.0,-341.2,-45.6,87.3
1690210136.0,-335.6,-51.5,81.7
1690210151.0,-317.4,-60.1,66.1
1690210166.0,-354.8,-34.8,92.5
1690210181.0,-347.1,-39.4,95.0
1690210196.0,-322.6,-52.9,75.4
1690210211.0,-325.1,-39.9,68.2
1690210226.0,-338.5,-31.9,81.0
1690210241.0,-336.2,-31.5,80.6
1690210256.0,-336.2,-32.6,80.4
1690210271.0,-350.0,-39.6,89.4
1690210286.0,-346.0,-43.6,86.9
1690210301.0,-350.0,-43.1,87.6
1690210316.0,-354.3,-45.7,90.1
1690210331.0,-351.6,-41.4,87.2
1690210346.0,-344.5,-47.4,83.7
1690210361.0,-325.0,-51.1,74.0
1690210376.0,-322.1,-51.3,70.9
1690210391.0,-337.5,-46.1,83.3
1690210406.0,-337.3,-42.9,82.3
1690210421.0,-351.1,-44.1,87.0
1690210436.0,-348.2,-40.8,91.3
1690210451.0,-344.8,-42.1,81.2
1690210466.0,-334.3,-52.7,75.0
1690210481.0,-320.6,-51.5,66.6
1690210496.0,-323.9,-48.7,71.7
1690210511.0,-339.3,-39.6,77.3
1690210526.0,-313.8,-54.0,61.8
1690210541.0,-354.0,-38.8,89.5
1690210556.0,-352.1,-52.7,77.8
1690210571.0,-351.9,-41.2,86.1
1690210586.0,-340.8,-30.0,84.7
1690210601.0,-341.0,-42.2,79.9
1690210616.0,-353.5,-41.9,88.0
1690210631.0,-343.1,-29.7,80.7
1690210646.0,-365.8,-8.3,88.6
1690210661.0,-351.4,-40.7,86.8
1690210676.0,-336.7,-46.6,78.2
1690210691.0,-342.0,-35.5,85.3
1690210706.0,-319.9,-39.1,67.4
1690210721.0,-350.6,-44.9,91.6
1690210736.0,-346.8,-36.7,84.9
1690210751.0,-267.9,-73.2,39.0
1690210766.0,-347.5,-27.0,87.0
1690210781.0,-335.5,-46.7,68.0
1690210796.0,-341.5,-39.5,85.4
1690210811.0,-332.3,-45.6,75.4
1690210826.0,-350.3,-38.3,92.4
1690210841.0,-352.2,-38.1,87.8
1690210856.0,-342.2,-43.1,80.4
1690210871.0,-343.8,-41.6,82.8
1690210886.0,-334.7,-42.5,76.0
1690210901.0,-323.3,-40.9,69.2
1690210916.0,-332.8,-43.4,75.4
1690210931.0,-321.0,-42.5,67.1
1690210946.0,-321.0,-41.0,65.3
1690210961.0,-323.6,-42.5,67.8
1690210976.0,-352.0,-36.1,80.1
1690210991.0,-366.1,-33.6,77.4
1690211006.0,-321.1,-50.1,65.5
1690211021.0,-279.7,-58.5,36.0
1690211036.0,-323.2,-42.7,64.7
1690211051.0,-341.8,-30.8,76.0
1690211066.0,-335.9,-28.4,73.7
1690211081.0,-339.0,-29.9,76.8
1690211096.0,-327.6,-30.1,70.5
1690211111.0,-343.2,-27.4,78.2
1690211126.0,-345.9,-38.3,83.5
1690211141.0,-338.8,-26.6,82.0
1690211156.0,-348.4,-42.9,70.8
1690211171.0,-331.1,-40.6,71.1
1690211186.0,-361.4,-36.3,86.3
1690211201.0,-312.3,-58.8,61.8
1690211216.0,-331.2,-47.3,78.1
1690211231.0,-319.5,-41.2,64.8
1690211246.0,-324.1,-40.6,69.4
1690211261.0,-336.8,-36.7,73.0
1690211276.0,-314.1,-45.2,60.3
1690211291.0,-348.1,-29.2,83.2
1690211306.0,-340.6,-64.7,64.3
1690211321.0,-364.6,-42.5,90.0
1690211336.0,-352.0,-40.1,91.3
1690211351.0,-351.3,-41.3,90.6
1690211366.0,-359.3,-44.2,93.2
1690211381.0,-357.1,-41.1,94.8
1690211396.0,-355.7,-41.3,93.9
1690211411.0,-357.1,-42.8,94.9
1690211426.0,-348.6,-42.7,85.6
1690211441.0,-348.4,-38.7,82.7
1690211456.0,-343.8,-42.2,82.8
1690211471.0,-360.6,-40.2,89.1
1690211486.0,-327.7,-44.9,65.4
1690211501.0,-325.4,-30.7,66.2
1690211516.0,-343.8,-41.6,81.8
1690211531.0,-346.7,-51.7,79.9
1690211546.0,-339.2,-43.5,78.4
1690211561.0,-352.6,-45.6,92.6
1690211576.0,-347.6,-40.8,96.6
1690211591.0,-357.1,-43.0,81.7
1690211606.0,-339.7,-48.1,81.7
1690211621.0,-354.7,-44.0,86.5
1690211636.0,-343.3,-47.0,83.3
1690211651.0,-298.0,-39.3,57.1
1690211666.0,-353.4,-32.9,83.4
1690211681.0,-342.2,-28.4,80.3
1690211696.0,-342.0,-44.6,73.5
1690211711.0,-343.6,-50.3,74.2
1690211726.0,-348.9,-42.0,88.7
1690211741.0,-342.2,-48.6,81.3
1690211756.0,-351.6,-40.4,91.2
1690211771.0,-343.7,-45.5,88.2
1690211786.0,-339.8,-48.7,82.0
1690211801.0,-348.7,-44.8,86.3
1690211816.0,-337.0,-45.8,79.3
1690211831.0,-347.8,-48.1,83.8
1690211846.0,-344.1,-44.1,86.2
1690211861.0,-356.0,-36.9,86.2
1690211876.0,-329.3,-48.6,73.1
1690211891.0,-341.7,-44.5,83.5
1690211906.0,-339.3,-47.5,81.3
1690211921.0,-342.8,-40.8,84.2
1690211936.0,-344.5,-44.5,86.5
1690211951.0,-346.7,-40.1,84.8
1690211966.0,-345.5,-44.1,84.7
1690211981.0,-349.7,-41.6,86.9
1690211996.0,-339.5,-6.3,84.0
1690212011.0,-346.7,-38.8,80.9
1690212026.0,-346.1,-41.0,92.7
1690212041.0,-356.9,-38.6,96.7
1690212056.0,-357.1,-39.7,96.4
1690212071.0,-349.3,-41.5,94.4
1690212086.0,-354.9,-40.8,76.0
1690212101.0,-354.1,-36.2,82.9
1690212116.0,-335.7,-47.6,75.3
1690212131.0,-313.1,-77.9,52.4
1690212146.0,-347.7,-49.7,75.5
1690212161.0,-328.2,-47.1,78.8
1690212176.0,-353.1,-41.9,91.8
1690212191.0,-344.9,-44.7,85.9
1690212206.0,-348.4,-47.2,85.1
1690212221.0,-354.6,-38.8,98.5
1690212236.0,-343.9,-39.7,85.7
1690212251.0,-343.6,-37.8,83.4
1690212266.0,-348.0,-29.2,85.6
1690212281.0,-297.1,-65.3,55.3
1690212296.0,-328.2,-51.1,71.6
1690212311.0,-301.2,-12.8,76.9
1690212326.0,-299.2,-1.1,62.4
1690212341.0,-300.1,-2.7,60.2
1690212356.0,-303.1,-3.0,61.6
1690212371.0,-302.7,-5.0,62.8
1690212386.0,-296.0,-3.7,65.3
1690212401.0,-296.6,-3.1,67.8
1690212416.0,-297.3,0.1,69.1
1690212431.0,-293.4,0.7,68.3
1690212446.0,-296.4,0.1,71.4
1690212461.0,-293.7,-0.1,68.6
1690212476.0,-340.7,-65.4,81.7
1690212491.0,-345.6,-45.7,96.7
1690212506.0,-339.5,-39.9,86.7
1690212521.0,-338.3,-42.7,92.6
1690212536.0,-355.9,-39.3,98.4
1690212551.0,-330.4,-63.9,66.2
1690212566.0,-363.5,-31.6,91.1
1690212581.0,-380.0,-55.4,83.1
1690212596.0,-335.2,-96.6,79.4
1690212611.0,-325.7,-56.6,65.9
1690212626.0,-231.4,-105.1,19.4
1690212641.0,-352.2,-38.6,91.2
1690212656.0,-342.5,-40.7,75.6
1690212671.0,-358.7,-26.9,79.9
1690212686.0,-330.1,-40.7,65.6
1690212701.0,-360.7,-30.7,94.9
1690212716.0,-347.0,-45.7,83.8
1690212731.0,-352.3,-38.8,84.4
1690212746.0,-356.4,-45.8,85.7
1690212761.0,-350.3,-49.3,83.1
1690212776.0,-350.4,-48.1,84.3
1690212791.0,-351.2,-44.8,86.3
1690212806.0,-348.2,-46.2,86.4
1690212821.0,-349.9,-45.0,89.8
1690212836.0,-349.8,-45.3,87.1
1690212851.0,-350.4,-42.8,88.8
1690212866.0,-350.0,-42.3,90.8
1690212881.0,-326.4,-45.6,74.9
1690212896.0,-358.4,-46.2,89.7
1690212911.0,-334.3,-57.5,73.7
1690212926.0,-363.5,-46.0,94.4
1690212941.0,-352.3,-46.3,90.4
1690212956.0,-347.6,-44.9,86.6
1690212971.0,-349.3,-44.1,83.7
1690212986.0,-353.9,-43.8,90.3
1690213001.0,-353.2,-42.9,90.0
1690213016.0,-355.1,-45.7,88.9
1690213031.0,-354.7,-45.5,88.6
1690213046.0,-350.6,-47.6,86.8
1690213061.0,-347.5,-47.3,84.6
1690213076.0,-353.6,-46.8,87.9
1690213091.0,-349.6,-47.2,84.4
1690213106.0,-348.7,-49.7,84.5
1690213121.0,-314.2,-3.9,80.5
1690213136.0,-294.5,-5.1,54.2
1690213151.0,-293.4,-3.4,57.5
1690213166.0,-292.7,-4.6,59.2
1690213181.0,-296.6,0.2,61.0
1690213196.0,-298.5,0.5,64.2
1690213211.0,-301.9,-0.7,64.5
1690213226.0,-289.8,-4.7,62.2
1690213241.0,-285.5,-9.2,53.9
1690213256.0,-300.1,-0.8,65.1
1690213271.0,-303.0,-2.1,62.6
1690213286.0,-297.5,-2.5,61.4
1690213301.0,-273.5,-11.0,50.3
1690213316.0,-285.4,-8.2,53.7
1690213331.0,-298.1,-1.5,60.4
1690213346.0,-298.6,-0.1,60.6
1690213361.0,-91.2,-101.3,-7.8
1690213376.0,-298.5,1.6,63.4
1690213391.0,-301.7,-1.1,60.6
1690213406.0,-292.7,-4.4,58.4
1690213421.0,-294.3,-4.3,57.8
1690213436.0,-299.8,-2.6,60.8
1690213451.0,-298.6,0.9,61.2
1690213466.0,-302.0,-0.4,63.5
1690213481.0,-300.5,0.1,64.0
1690213496.0,-297.2,-1.4,60.0
1690213511.0,-361.2,-51.1,88.8
1690213526.0,-347.0,-50.7,88.0
1690213541.0,-357.9,-38.7,92.9
1690213556.0,-347.8,-35.7,91.0
1690213571.0,-342.7,-39.7,92.5
1690213586.0,-334.9,-68.6,72.1
1690213616.0,-342.4,-49.1,78.4
1690213631.0,-348.6,-44.4,85.3
1690213646.0,-346.5,-31.5,78.2
1690213661.0,-345.8,-40.3,78.2
1690213676.0,-353.0,-54.9,67.7
1690213691.0,-338.1,1.9,68.4
1690213706.0,-368.7,-29.1,104.2
1690213721.0,-343.1,-48.5,83.1
1690213736.0,-350.8,-39.5,90.6
1690213751.0,-362.0,-19.9,89.7
1690213766.0,-354.7,-24.5,96.5
1690213781.0,-360.0,-46.9,79.5
1690213796.0,-357.9,-41.4,89.7
1690213811.0,-356.3,-38.2,84.8
1690213826.0,-359.6,-36.0,83.5
1690213841.0,-370.1,-33.1,87.2
1690213856.0,-359.2,-34.3,81.9
1690213871.0,-358.1,-47.8,72.8
1690213886.0,-342.7,-44.2,92.9
1690213901.0,-350.1,-44.4,102.2
1690213916.0,-352.9,-35.6,102.3
1690213931.0,-358.7,-40.3,93.3
1690213946.0,-366.0,-36.7,85.5
1690213961.0,-348.7,-55.4,75.8
1690213976.0,-356.5,-40.2,86.3
1690213991.0,-368.9,-34.2,90.8
1690214006.0,-331.7,-52.2,76.3
1690214021.0,-340.3,-45.6,87.7
1690214036.0,-339.9,-41.5,83.1
1690214051.0,-360.3,-42.4,89.8
1690214066.0,-352.5,-37.2,96.1
1690214081.0,-355.8,-49.9,81.2
1690214096.0,-337.0,-36.0,86.3
1690214111.0,-350.0,-61.0,74.6
1690214126.0,-343.5,-41.1,89.4
1690214141.0,-345.6,-41.9,86.3
1690214156.0,-325.6,-52.1,85.9
1690214171.0,-268.9,-99.9,38.7
1690214186.0,-336.2,-40.7,87.6
1690214201.0,-351.9,-32.0,89.8
1690214216.0,-340.9,-47.8,83.2
1690214231.0,-363.7,-48.3,91.7
1690214246.0,-356.3,-44.9,86.1
1690214261.0,-340.5,-42.7,84.5
1690214276.0,-352.2,-40.4,90.0
1690214291.0,-350.2,-34.4,91.2
1690214306.0,-348.7,-44.3,93.4
1690214321.0,-341.2,-39.9,87.6
1690214336.0,-347.4,-41.1,86.7
1690214351.0,-286.7,-14.1,54.1
1690214366.0,-364.9,-46.4,96.9
1690214381.0,-335.8,-43.1,78.6
1690214396.0,-346.7,-41.9,86.8
1690214411.0,-357.2,-44.2,84.0
1690214426.0,-355.4,-46.7,88.5
1690214441.0,-343.3,-49.9,82.6
1690214456.0,-355.4,-47.5,85.0
1690214471.0,-345.8,-37.8,92.4
1690214486.0,-350.9,-38.4,96.9
1690214501.0,-353.8,-37.2,93.7
1690214516.0,-324.0,-32.3,73.9
1690214531.0,-349.1,-40.1,92.6
1690214546.0,-336.7,-39.4,85.0
1690214561.0,-347.4,-44.5,87.7
1690214576.0,-326.3,-45.0,70.5
1690214591.0,-332.5,-23.7,72.6
1690214606.0,-335.8,-27.9,74.8
1690214621.0,-331.9,-59.0,51.0
1690214636.0,-341.6,-22.0,82.5
1690214651.0,-349.3,-24.5,80.4
1690214666.0,-339.7,-10.7,74.5
1690214681.0,-351.2,-14.8,81.7
1690214696.0,-343.1,-17.1,78.0
1690214711.0,-340.4,-13.9,75.2
1690214726.0,-344.7,-15.0,78.6
1690214741.0,-346.7,-19.4,80.9
1690214756.0,-355.7,-42.1,81.6
1690214771.0,-350.3,-46.9,83.4
1690214786.0,-350.3,-46.5,84.8
1690214801.0,-355.3,-42.1,87.8
1690214816.0,-354.7,-37.6,92.9
1690214831.0,-352.7,-45.4,84.6
1690214846.0,-353.4,-42.4,87.3
1690214861.0,-349.7,-41.5,92.8
1690214876.0,-336.1,-30.3,80.1
1690214891.0,-334.6,-32.8,80.6
1690214906.0,-344.0,-31.1,86.6
1690214921.0,-334.8,-46.6,75.4
1690214936.0,-333.5,-47.6,76.7
1690214951.0,-336.1,-48.5,78.7
1690214966.0,-342.5,-43.4,82.8
1690214981.0,-346.2,-69.2,66.9
1690214996.0,-351.9,-52.9,81.3
1690215011.0,-364.9,-54.4,73.5
1690215026.0,-348.7,-47.1,83.3
1690215041.0,-370.2,-53.8,88.3
1690215056.0,-363.2,-49.9,88.0
1690215071.0,-357.9,-41.5,92.3
1690215086.0,-320.5,-74.4,60.4
1690215101.0,-365.7,-52.9,86.5
1690215116.0,-356.0,-44.7,91.0
1690215131.0,-365.1,-22.2,81.5
1690215146.0,-364.1,-32.8,80.1
1690215161.0,-359.4,-46.6,87.9
1690215176.0,-371.8,-32.0,85.6
1690215191.0,-375.3,-13.2,90.4
1690215206.0,-406.5,-25.4,111.7
1690215221.0,-388.5,-41.8,99.6
1690215236.0,-412.9,-32.5,111.7
1690215251.0,-363.4,-49.0,101.3
1690215266.0,-365.2,-33.9,125.4
1690215281.0,-397.9,-29.6,140.9
1690215296.0,-386.1,-13.8,100.1
1690215311.0,-380.0,-45.8,115.2
1690215326.0,-372.7,-11.6,94.3
1690215341.0,-352.9,-33.9,141.4
1690215356.0,-396.6,-16.7,120.2
1690215371.0,-288.6,-61.9,49.7
1690215386.0,-388.1,-27.0,88.2
1690215401.0,-378.8,-59.2,105.6
1690215416.0,-380.3,-71.4,119.8
1690215431.0,-402.5,-65.1,148.9
1690215446.0,-355.5,-55.2,85.1
1690215461.0,-382.2,33.2,71.9
1690215476.0,-509.5,-39.2,73.2
1690215491.0,-441.3,-57.8,45.6
1690215506.0,-305.7,-63.3,109.7
1690215521.0,-461.2,-34.6,166.2
1690215536.0,-373.8,-51.2,117.2
1690215551.0,-285.8,-63.9,82.1
1690215566.0,-347.1,-55.7,142.5
1690215581.0,-339.4,-50.9,134.1
1690215596.0,-325.8,-47.5,107.8
1690215611.0,-343.3,-54.3,81.5
1690215626.0,-328.8,-26.3,96.7
1690215641.0,-375.6,-6.4,97.4
1690215656.0,-306.7,-27.8,137.6
1690215671.0,-378.3,-23.8,86.1
1690215686.0,-297.3,-31.6,68.9
1690215701.0,-330.2,-23.2,99.9
1690215716.0,-353.8,-51.7,123.8
1690215731.0,-223.4,-51.1,24.3
1690215746.0,-322.5,-69.7,157.9
1690215761.0,-337.2,-63.8,144.6
1690215776.0,-357.3,-63.6,148.6
1690215791.0,-373.5,-55.2,140.3
1690215806.0,-361.7,-66.0,139.4
1690215821.0,-346.2,-74.2,136.6
1690215836.0,-412.7,-23.7,170.8
1690215851.0,-350.6,-63.8,117.5
1690215866.0,-372.2,-55.5,150.1
1690215881.0,-328.9,-64.9,112.2
1690215896.0,-367.2,-61.9,126.0
1690215911.0,-319.2,-54.5,93.6
1690215926.0,-364.6,-68.7,111.9
1690215941.0,-354.0,-54.9,131.3
1690215956.0,-354.1,-52.1,118.8
1690215971.0,-309.5,-45.7,82.6
1690215986.0,-337.3,-66.1,147.7
1690216001.0,-359.0,-83.0,117.7
1690216016.0,-440.1,-42.9,55.5
1690216031.0,-422.6,-41.6,94.2
1690216046.0,-314.7,-36.4,102.5
1690216061.0,-341.8,-16.8,103.8
1690216076.0,-308.5,-18.5,67.9
1690216091.0,-304.6,-34.1,146.3
1690216106.0,-367.4,-52.3,112.2
1690216121.0,nan,nan,nan
1690216136.0,-289.8,-124.7,130.8
1690216151.0,-376.6,-54.0,143.1
1690216166.0,-357.1,-114.5,110.5
1690216181.0,-316.1,-84.2,137.7
1690216196.0,-330.8,-115.5,142.9
1690216211.0,-297.1,-131.4,158.7
1690216226.0,-314.4,-175.6,94.3
1690216241.0,-253.4,-240.7,101.5
1690216256.0,-268.0,-231.2,99.7
1690216271.0,nan,nan,nan
1690216286.0,-219.9,-232.9,91.0
1690216301.0,-187.3,-493.4,183.4
1690216316.0,-236.2,-463.9,142.1
1690216331.0,-243.9,-472.9,129.8
1690216346.0,-258.7,-500.3,127.6
1690216361.0,-227.3,-482.7,104.9
1690216376.0,-220.6,-570.4,112.4
1690216391.0,-145.0,-692.0,157.2
1690216406.0,-76.0,-750.5,186.4
1690216421.0,-109.1,-697.3,35.9
1690216436.0,-106.7,-710.5,99.0
1690216451.0,-150.9,-708.3,215.4
1690216466.0,-257.5,-435.4,51.5
1690216481.0,410.4,-676.9,294.8
1690216496.0,-148.2,-717.6,85.7
1690216511.0,-104.3,-686.4,105.0
1690216526.0,-98.3,-702.4,110.6
1690216541.0,-138.7,-707.1,104.0
1690216556.0,-106.4,-716.4,107.2
1690216571.0,-115.9,-687.1,111.1
1690216586.0,-100.2,-714.9,110.0
1690216601.0,-149.9,-722.9,110.0
1690216616.0,-121.9,-694.2,84.3
1690216631.0,143.1,-168.9,-486.5
1690216646.0,nan,nan,nan
1690216661.0,-133.6,-729.0,86.9
1690216676.0,-109.1,-725.5,86.9
1690216691.0,-145.5,-746.3,110.7
1690216706.0,-153.7,-622.8,147.9
1690216721.0,-46.2,-712.7,126.9
1690216736.0,-17.6,-691.8,26.9
1690216751.0,50.5,-659.8,224.3
1690216766.0,-74.6,-670.7,92.3
1690216781.0,-79.9,-708.7,105.8
1690216796.0,-60.5,-717.8,96.8
1690216811.0,-83.0,-734.6,89.6
1690216826.0,-49.9,-698.5,127.0
1690216841.0,-71.2,-694.8,130.1
1690216856.0,-93.1,-635.9,144.0
1690216871.0,-35.3,-573.6,141.3
1690216886.0,-226.5,-620.4,124.1
1690216901.0,-713.9,-242.5,76.7
1690216916.0,-810.0,-97.0,160.0
1690216931.0,-881.7,-68.5,125.7
1690216946.0,-875.5,-31.9,74.1
1690216961.0,-890.1,-61.3,137.7
1690216976.0,-894.1,-32.5,137.4
1690216991.0,-891.4,-58.9,129.4
1690217006.0,-865.8,-54.9,108.2
1690217021.0,-902.6,-58.7,153.6
1690217036.0,-889.3,-61.0,132.2
1690217051.0,-890.9,-34.9,125.2
1690217066.0,-884.6,-76.8,178.2
1690217081.0,-882.8,-73.0,144.3
1690217096.0,-863.6,-31.1,37.5
1690217111.0,-826.0,-260.0,159.6
1690217126.0,-799.1,-267.4,125.4
1690217141.0,-799.3,-296.7,122.6
1690217156.0,-778.8,-619.1,115.6
1690217171.0,-709.8,-602.2,127.4
1690217186.0,-845.5,-550.3,142.5
1690217201.0,-762.3,-608.8,128.0
1690217216.0,-770.5,-707.0,81.6
1690217231.0,-704.0,-717.1,70.5
1690217246.0,-737.8,-539.7,78.7
1690217261.0,-748.8,-669.7,119.4
1690217276.0,-741.8,-711.5,122.9
1690217291.0,-751.9,-708.0,96.6
1690217306.0,-771.5,-729.4,84.5
1690217321.0,-746.6,-117.8,383.1
1690217336.0,-780.4,-644.6,156.4
1690217351.0,-723.8,-688.7,129.0
1690217366.0,-722.4,-718.5,83.5
1690217381.0,-742.8,-713.9,126.1
1690217396.0,-735.2,-740.2,86.1
1690217411.0,-1033.3,-554.4,306.0
1690217426.0,-723.9,-689.5,89.2
1690217441.0,-730.7,-699.9,92.6
1690217456.0,-811.2,-575.4,154.4
1690217471.0,-728.6,-707.4,91.2
1690217486.0,-737.0,-714.9,95.0
1690217501.0,-740.2,-707.0,133.6
1690217516.0,-720.1,-700.8,82.2
1690217531.0,-729.0,-705.7,77.1
1690217546.0,-756.4,-720.8,81.3
1690217561.0,-765.5,-693.9,78.1
1690217576.0,-745.2,-687.1,137.8
1690217591.0,-771.8,-715.6,149.8
1690217606.0,-733.6,-711.4,102.4
1690217621.0,-765.8,-734.4,77.9
1690217636.0,-161.9,-544.6,-445.1
1690217651.0,-762.8,-718.0,82.4
1690217666.0,-829.2,-727.9,121.3
1690217681.0,-735.1,-636.0,135.3
1690217696.0,-856.5,-598.5,8.6
1690217711.0,-751.4,-551.4,113.4
1690217726.0,-676.9,-693.0,108.2
1690217741.0,-676.1,-691.1,122.5
1690217756.0,-674.1,-717.7,102.2
1690217771.0,-888.3,-315.6,500.0
1690217786.0,-472.7,-587.5,144.0
1690217801.0,-468.3,-603.1,142.6
1690217816.0,-445.0,-622.1,137.0
1690217831.0,-80.2,-692.3,107.5
1690217846.0,-77.7,-690.8,152.9
1690217861.0,-115.7,-704.0,86.4
1690217876.0,-72.5,-700.1,133.7
1690217891.0,-94.0,-684.6,76.0
1690217906.0,-64.4,-729.2,139.7
1690217921.0,-51.2,-745.8,114.1
1690217936.0,-83.7,-711.4,141.9
1690217951.0,-85.4,-728.3,97.7
1690217966.0,-94.9,-733.6,90.6
1690217981.0,-113.3,-729.8,98.1
1690217996.0,-83.2,-735.2,100.5
1690218011.0,-92.1,-731.4,105.7
1690218026.0,-190.2,-641.0,58.5
1690218041.0,-101.1,-739.1,102.0
1690218056.0,-102.0,-726.2,90.9
1690218071.0,-108.8,-692.5,146.5
1690218086.0,-88.7,-707.5,108.5
1690218101.0,-80.1,-741.9,102.6
1690218116.0,-79.1,-727.9,89.7
1690218131.0,-88.1,-725.9,96.0
1690218146.0,-88.1,-728.8,95.1
1690218161.0,-66.9,-693.2,141.8
1690218176.0,-92.5,-724.9,112.5
1690218191.0,-91.5,-753.8,99.5
1690218206.0,-115.8,-761.9,83.9
1690218221.0,-92.4,-733.9,97.1
1690218236.0,-104.4,-729.5,88.9
1690218251.0,-28.6,-585.5,129.4
1690218266.0,113.4,-704.7,111.4
1690218281.0,109.3,-706.9,107.3
1690218296.0,117.3,-706.8,113.8
1690218311.0,120.6,-712.1,109.9
1690218326.0,107.7,-695.6,161.3
1690218341.0,97.5,-705.2,139.8
1690218356.0,93.8,-709.2,107.6
1690218371.0,117.3,-707.3,155.4
1690218386.0,87.4,-680.3,138.4
1690218401.0,115.5,-476.5,67.7
1690218416.0,99.9,-695.1,107.7
1690218431.0,125.5,-708.4,107.5
1690218446.0,103.4,-709.9,107.9
1690218461.0,73.8,-708.4,114.2
1690218476.0,159.9,-604.9,107.7
1690218491.0,194.8,-604.9,131.2
1690218506.0,175.5,-557.7,122.0
1690218521.0,152.4,-367.0,118.3
1690218536.0,-181.1,-249.2,133.2
1690218551.0,-201.9,-62.2,107.7
1690218566.0,-224.8,-38.0,97.8
1690218581.0,-317.7,16.9,202.7
1690218596.0,-346.6,42.5,169.2
1690218611.0,-82.5,-156.9,45.2
1690218626.0,-229.3,-39.4,103.1
1690218641.0,-198.6,-47.3,88.4
1690218656.0,18.1,-136.3,88.1
1690218671.0,-214.1,-35.7,131.2
1690218686.0,-206.2,-50.6,87.3
1690218701.0,-216.0,-39.0,129.1
1690218716.0,-259.7,10.8,157.0
1690218731.0,-109.3,-102.0,106.3
1690218746.0,-123.9,-107.4,113.2
1690218761.0,-273.4,-76.2,67.7
1690218776.0,-207.9,-30.7,78.0
1690218791.0,-179.2,-22.5,101.0
1690218806.0,-237.6,-42.6,132.1
1690218821.0,-238.0,-43.0,137.0
1690218836.0,-227.7,-34.6,97.8
1690218851.0,-239.4,-47.6,141.1
1690218866.0,-171.9,-74.3,96.6
1690218881.0,-211.8,-108.4,119.2
1690218896.0,-257.7,-119.0,129.2
1690218911.0,-251.0,-41.0,79.1
1690218926.0,-290.6,-94.7,133.6
1690218941.0,-294.8,-142.3,122.7
1690218956.0,-322.0,-256.4,86.7
1690218971.0,-499.9,-40.8,122.7
1690218986.0,-483.6,152.2,133.2
1690219001.0,-251.6,370.3,132.9
1690219016.0,-273.9,251.5,99.5
1690219031.0,-317.5,237.1,132.8
1690219046.0,-498.4,109.0,65.1
1690219061.0,-346.7,223.8,138.4
1690219091.0,-155.8,291.5,74.0
1690219106.0,-63.4,256.9,98.3
1690219121.0,-105.5,51.4,85.3
1690219136.0,-52.0,33.6,115.2
1690219151.0,-91.6,13.4,87.2
1690219166.0,-83.2,-15.3,88.8
1690219181.0,-69.4,4.5,75.5
1690219196.0,-96.1,18.6,89.4
1690219211.0,-58.8,-2.0,88.5
1690219226.0,-71.3,15.3,97.6
1690219241.0,-67.9,10.1,77.5
1690219256.0,-70.4,8.8,86.9
1690219271.0,-67.4,9.7,81.0
1690219286.0,-89.0,18.1,83.9
1690219301.0,-73.8,22.0,87.7
1690219316.0,-92.4,8.1,86.0
1690219331.0,-58.7,13.4,98.6
1690219346.0,-60.4,16.9,72.1
1690219361.0,-71.2,16.0,88.2
1690219376.0,-32.7,1.9,85.5
1690219391.0,-83.7,10.5,84.0
1690219406.0,-66.8,3.7,69.9
1690219421.0,-97.4,9.5,83.6
1690219436.0,-75.4,-14.3,59.1
1690219451.0,-29.2,-3.6,55.5
1690219466.0,-41.3,-7.2,55.5
1690219481.0,-82.3,25.7,99.8
1690219496.0,-99.5,10.6,94.0
1690219511.0,-92.1,25.4,90.6
1690219526.0,-101.4,37.5,86.9
1690219541.0,-89.4,32.0,90.4
1690219556.0,-104.7,23.8,89.3
1690219571.0,-103.0,13.0,89.5
1690219586.0,-80.7,10.8,82.8
1690219601.0,-84.1,13.2,90.8
1690219616.0,-90.5,11.5,84.4
1690219631.0,-85.7,20.0,80.3
1690219646.0,-62.5,14.1,92.9
1690219661.0,-80.3,9.1,85.7
1690219676.0,-85.1,18.6,81.9
1690219691.0,-58.7,33.1,73.9
1690219706.0,-95.8,14.6,87.5
1690219721.0,-93.8,14.6,90.7
1690219736.0,-90.4,9.6,87.5
1690219751.0,-90.1,7.5,85.5
1690219766.0,-97.4,9.2,90.8
1690219781.0,-71.0,8.1,74.4
1690219796.0,-58.5,24.1,83.4
1690219811.0,-98.0,6.2,84.1
1690219826.0,-94.2,7.0,81.0
1690219841.0,-88.2,30.6,87.1
1690219856.0,-81.2,7.0,91.0
1690219871.0,-81.6,11.4,78.3
1690219886.0,-92.4,11.1,92.5
1690219901.0,-80.4,14.7,85.8
1690219916.0,-86.0,2.2,89.2
1690219931.0,-93.0,37.8,90.7
1690219946.0,-77.5,3.5,83.0
1690219961.0,-81.0,-5.4,77.2
1690219976.0,-74.8,12.7,95.1
1690219991.0,-73.1,13.8,73.6
1690220006.0,-51.3,27.9,71.6
1690220021.0,-86.4,12.0,78.4
1690220036.0,-58.5,-6.8,64.8
1690220051.0,-69.7,12.8,77.0
1690220066.0,-79.1,17.8,92.9
1690220081.0,-89.9,12.6,79.6
1690220096.0,-79.2,10.5,81.1
1690220111.0,-83.6,11.2,81.6
1690220126.0,-88.5,11.0,81.2
1690220141.0,-51.0,18.0,80.0
1690220156.0,-79.4,12.3,83.6
1690220171.0,-77.7,18.7,86.5
1690220186.0,-76.9,6.4,83.4
1690220201.0,-62.0,12.5,71.9
1690220216.0,-18.4,43.6,85.1
1690220231.0,-81.4,13.4,84.3
1690220246.0,-87.0,11.3,76.8
1690220261.0,-79.7,16.9,83.9
1690220276.0,-78.0,26.6,74.3
1690220291.0,-75.8,9.6,87.9
1690220306.0,-94.0,6.4,72.5
1690220321.0,-91.8,11.1,85.0
1690220336.0,-77.9,13.6,86.5
1690220351.0,-65.1,3.9,78.6
1690220366.0,-80.6,8.7,80.5
1690220381.0,-75.4,16.6,62.3
1690220396.0,-98.8,14.2,69.3
1690220411.0,-77.0,19.5,79.3
1690220426.0,-86.6,10.6,84.2
1690220441.0,-39.8,32.6,75.6
1690220456.0,-78.5,11.2,86.8
1690220471.0,-84.8,11.8,78.2
1690220486.0,-89.2,5.3,81.0
1690220501.0,-80.5,5.9,77.6
1690220516.0,-70.5,4.5,81.3
1690220531.0,-97.1,10.9,81.2
1690220546.0,16.9,-20.4,61.8
1690220561.0,-94.3,14.1,70.5
1690220576.0,-77.7,8.1,86.8
1690220591.0,-43.8,-17.6,83.3
1690220606.0,-92.5,12.4,75.7
1690220621.0,-82.4,9.6,82.4
1690220636.0,-90.2,6.4,86.0
1690220651.0,-100.7,17.7,76.8
1690220666.0,-83.8,17.0,71.4
1690220681.0,-100.4,-11.8,75.8
1690220696.0,-85.3,11.4,84.5
1690220711.0,-91.6,10.1,84.6
1690220726.0,-88.0,18.0,75.4
1690220741.0,-107.2,13.8,98.1
1690220756.0,-81.3,15.6,74.5
1690220771.0,-89.3,9.3,82.5
1690220786.0,-85.0,6.3,75.1
1690220801.0,-84.8,7.0,86.1
1690220816.0,-90.9,6.8,76.2
1690220831.0,-86.7,21.0,86.1
1690220846.0,-94.4,18.9,81.4
1690220861.0,-87.6,18.8,80.0
1690220876.0,-60.8,32.2,72.9
1690220891.0,-70.0,23.9,77.6
1690220906.0,-91.0,12.1,84.3
1690220921.0,-73.4,22.9,75.0
1690220936.0,-84.4,6.6,85.2
1690220951.0,-96.1,11.8,85.8
1690220966.0,-118.3,-12.5,73.6
1690220981.0,-63.1,28.9,75.6
1690220996.0,-95.4,14.9,82.5
1690221011.0,-74.8,22.8,83.9
1690221026.0,-62.0,27.3,70.3
1690221041.0,-96.2,10.7,82.3
1690221056.0,-82.4,24.2,85.2
1690221071.0,-58.7,35.4,85.7
1690221086.0,-103.2,33.8,70.5
1690221101.0,-90.6,10.6,83.5
1690221116.0,-93.3,12.2,83.8
1690221131.0,-90.3,16.5,78.9
1690221146.0,-87.8,13.6,72.4
1690221161.0,-38.4,21.1,78.9
1690221176.0,-91.5,15.0,79.1
1690221191.0,-91.9,28.9,74.5
1690221206.0,-71.9,34.0,68.6
1690221221.0,-81.8,19.7,78.6
1690221236.0,-89.8,9.0,78.5
1690221251.0,-90.2,13.9,84.2
1690221266.0,-92.1,12.7,79.0
1690221281.0,-89.8,10.8,83.1
1690221296.0,-104.2,7.1,80.6
1690221311.0,-82.4,25.6,72.7
1690221326.0,-105.9,1.6,80.1
1690221341.0,-102.7,5.8,83.2
1690221356.0,-90.4,12.9,77.1
1690221371.0,-90.2,18.5,79.0
1690221386.0,-46.2,46.2,66.6
1690221401.0,-44.7,38.7,82.1
1690221416.0,-19.7,58.6,61.5
1690221431.0,-5.7,70.9,54.3
1690221446.0,-79.6,21.4,74.4
1690221461.0,-98.4,15.2,80.8
1690221476.0,-99.7,6.9,77.0
1690221491.0,-96.8,15.2,78.7
1690221506.0,-124.1,49.9,105.5
1690221521.0,-95.8,15.9,89.8
1690221536.0,-88.2,10.3,88.1
1690221551.0,-98.1,10.6,82.1
1690221566.0,-89.9,12.5,87.3
1690221581.0,-74.6,24.0,71.2
1690221596.0,-87.4,17.1,77.9
1690221611.0,-56.5,36.3,74.4
1690221626.0,-92.9,17.3,85.8
1690221641.0,-77.0,23.9,80.2
1690221656.0,-79.9,23.0,83.6
1690221671.0,-84.2,18.2,81.6
1690221686.0,-80.2,20.7,61.8
1690221701.0,-77.3,23.4,86.1
1690221716.0,-91.4,8.6,78.1
1690221731.0,-76.6,20.0,86.2
1690221746.0,-62.8,28.2,81.3
1690221761.0,-100.6,12.1,80.8
1690221776.0,-99.1,3.8,75.1
1690221791.0,-85.0,12.9,79.4
1690221806.0,-102.1,13.4,80.7
1690221821.0,-90.9,16.0,83.4
1690221836.0,-106.2,9.2,75.7
1690221851.0,-97.2,9.3,77.9
1690221866.0,-125.5,-118.6,2.9
1690221881.0,-92.8,12.3,78.0
1690221896.0,-136.0,16.3,84.0
1690221911.0,-97.8,13.1,80.3
1690221926.0,-88.9,9.6,76.6
1690221941.0,-87.3,13.2,83.2
1690221956.0,-80.4,13.7,85.6
1690221971.0,-86.4,14.1,84.7
1690221986.0,-100.3,6.4,81.0
1690222001.0,-89.5,18.3,86.4
1690222016.0,-98.2,12.6,81.1
1690222031.0,-74.6,21.8,78.5
1690222046.0,-62.6,22.8,81.4
1690222061.0,-99.9,5.3,81.6
1690222076.0,-96.0,9.6,86.7
1690222091.0,-90.8,10.8,84.0
1690222106.0,-117.3,-3.9,71.3
1690222121.0,-91.6,14.8,82.2
1690222136.0,-121.9,70.4,91.4
1690222151.0,-91.2,-0.1,72.0
1690222166.0,-6.4,0.1,56.8
1690222181.0,-15.2,5.1,56.5
1690222196.0,-16.4,4.8,56.8
1690222211.0,-19.2,7.5,58.1
1690222226.0,-17.1,6.2,58.2
1690222241.0,-23.2,2.1,55.7
1690222256.0,-33.3,-10.6,43.9
1690222271.0,-26.5,3.5,54.4
1690222286.0,-24.3,4.9,56.7
1690222301.0,-27.8,0.9,53.7
1690222316.0,-41.5,6.2,53.0
1690222331.0,-51.5,37.1,86.8
1690222346.0,-84.9,30.2,95.6
1690222361.0,-101.6,13.3,88.6
1690222376.0,-67.6,31.4,92.1
1690222391.0,-47.4,21.9,79.1
1690222406.0,-103.5,5.6,87.4
1690222421.0,-91.5,31.9,97.8
1690222436.0,-119.5,8.4,70.9
1690222451.0,-121.0,21.4,83.8
1690222466.0,-116.9,-0.7,65.9
1690222481.0,-113.8,4.6,74.6
1690222496.0,-100.2,18.5,88.2
1690222511.0,-72.6,-9.3,67.6
1690222526.0,-73.8,10.8,76.1
1690222541.0,-72.1,13.7,81.5
1690222556.0,-88.6,14.2,83.5
1690222571.0,-93.7,22.3,90.6
1690222586.0,-75.3,2.8,77.5
1690222601.0,-120.7,7.7,67.5
1690222616.0,-11.2,-5.9,52.6
1690222631.0,-94.6,37.2,92.9
1690222646.0,-93.8,36.7,98.7
1690222661.0,-58.5,40.4,95.9
1690222676.0,-100.2,22.8,90.4
1690222691.0,-100.3,32.9,95.8
1690222706.0,-88.5,33.7,95.8
1690222736.0,-110.3,19.7,94.3
1690222751.0,-88.0,5.0,88.0
1690222766.0,-93.3,6.2,75.7
1690222781.0,-73.7,15.0,83.4
1690222796.0,-106.3,27.2,92.0
1690222811.0,-107.9,22.8,89.6
1690222826.0,-97.8,22.9,95.1
1690222841.0,-97.8,19.3,91.6
1690222856.0,-86.9,29.6,87.6
1690222871.0,-90.3,28.7,88.4
1690222886.0,-98.9,29.4,92.1
1690222901.0,-98.9,29.7,92.4
1690222916.0,-68.0,47.0,88.7
1690222931.0,-103.8,20.2,89.0
1690222946.0,-102.8,17.7,95.8
1690222961.0,-101.0,20.5,91.8
1690222976.0,-101.8,24.0,93.6
1690222991.0,-105.8,24.2,96.2
1690223006.0,-94.3,21.4,91.8
1690223021.0,-101.5,25.6,95.7
1690223036.0,-75.1,43.9,93.0
1690223051.0,-91.1,27.4,83.0
1690223066.0,-88.3,19.1,84.4
1690223081.0,-87.0,24.9,91.4
1690223096.0,-109.1,24.0,94.8
1690223111.0,-102.6,27.1,92.9
1690223126.0,-93.9,22.6,92.6
1690223141.0,-61.7,32.9,89.7
1690223156.0,-85.8,23.9,91.4
1690223171.0,-98.0,27.5,91.9
1690223186.0,-59.4,41.2,80.9
1690223201.0,-91.2,-6.9,60.4
1690223216.0,-22.1,2.6,48.2
1690223231.0,-15.3,6.9,50.6
1690223246.0,-24.0,2.3,50.4
1690223261.0,-13.3,4.9,50.7
1690223276.0,-1.6,12.9,49.6
1690223291.0,-22.2,-1.4,50.1
1690223306.0,-113.4,18.7,85.8
1690223321.0,-91.3,20.6,82.8
1690223336.0,-94.8,27.8,91.9
1690223351.0,-101.1,9.9,91.9
1690223366.0,-104.5,23.3,90.4
1690223381.0,-102.2,28.6,100.9
1690223396.0,-103.5,32.0,95.7
1690223411.0,-85.0,35.6,90.5
1690223426.0,-78.4,47.8,89.2
1690223441.0,-83.6,44.6,95.7
1690223456.0,-54.5,54.8,99.0
1690223471.0,-124.6,-4.0,82.6
1690223486.0,-108.6,32.9,102.6
1690223501.0,-104.0,15.3,96.7
1690223516.0,-100.5,15.9,89.5
1690223531.0,-99.8,24.9,94.8
1690223546.0,-123.8,24.2,88.0
1690223561.0,-87.1,28.4,85.6
1690223576.0,-96.1,33.3,98.9
1690223591.0,-73.7,37.1,94.2
1690223606.0,-91.7,27.0,91.6
1690223621.0,-84.7,31.9,94.6
1690223636.0,-90.8,33.9,98.6
1690223651.0,-94.5,29.3,94.5
1690223666.0,-92.6,26.3,94.1
1690223681.0,-96.3,22.8,94.5
1690223696.0,-104.0,26.6,101.2
1690223711.0,-68.9,3.3,69.5
1690223726.0,-21.1,4.2,52.9
1690223741.0,-21.0,2.1,51.4
1690223756.0,-19.6,5.3,56.6
1690223771.0,-16.4,4.2,52.2
1690223786.0,-13.3,6.8,50.3
1690223801.0,-15.6,4.6,55.9
1690223816.0,-12.0,6.3,55.4
1690223831.0,-13.9,4.5,57.6
1690223846.0,-0.5,9.8,54.5
1690223861.0,-99.9,11.1,86.2
1690223876.0,-110.0,35.3,96.9
1690223891.0,-122.0,38.9,93.0
1690223906.0,-59.8,32.5,84.6
1690223921.0,-66.9,27.9,81.5
1690223936.0,-81.3,53.4,77.0
1690223951.0,-82.5,37.4,85.8
1690223966.0,-79.2,7.4,77.8
1690223981.0,-73.7,16.0,80.3
1690223996.0,-53.3,23.7,83.0
1690224011.0,-91.1,5.2,91.1
1690224026.0,-84.6,48.2,84.8
1690224041.0,-15.0,15.8,79.6
1690224056.0,-63.6,25.2,84.9
1690224071.0,-61.0,25.6,83.4
1690224086.0,-40.5,16.4,74.0
1690224101.0,-23.4,36.5,82.2
1690224116.0,-42.1,38.7,74.9
1690224131.0,-56.8,29.5,82.9
1690224146.0,-69.8,22.3,89.1
1690224161.0,-13.7,2.4,50.7
1690224176.0,38.6,40.2,73.7
1690224191.0,-58.6,28.9,95.8
1690224206.0,-71.1,21.6,85.9
1690224221.0,-54.1,15.1,87.3
1690224236.0,-67.8,15.9,80.1
1690224251.0,-48.2,27.9,89.4
1690224266.0,-64.6,36.7,78.5
1690224281.0,-63.4,31.7,78.7
1690224296.0,-83.3,11.8,88.6
1690224311.0,-79.7,36.0,80.1
1690224326.0,-75.2,24.1,89.1
1690224341.0,-80.0,-3.3,77.5
1690224356.0,-85.8,8.6,95.4
1690224371.0,-84.0,8.9,94.8
1690224386.0,-74.2,7.7,88.7
1690224401.0,-99.0,24.4,89.1
1690224416.0,-90.8,21.1,90.9
1690224431.0,-48.0,36.7,82.3
1690224446.0,-58.9,25.4,88.2
1690224461.0,7.7,3.7,59.2
1690224476.0,1.9,4.3,58.6
1690224491.0,-0.0,1.6,57.0
1690224506.0,-114.3,6.4,84.0
1690224521.0,-104.5,20.3,92.6
1690224551.0,-88.5,20.1,90.8
1690224566.0,-90.4,22.0,92.2
1690224581.0,-84.7,20.7,91.4
1690224596.0,-87.3,24.7,91.7
1690224611.0,-32.2,29.0,85.3
1690224626.0,-93.5,21.1,92.9
1690224641.0,-78.3,34.8,87.0
1690224656.0,-80.1,19.0,80.8
1690224671.0,-106.2,12.9,91.1
1690224686.0,-76.2,5.7,84.3
1690224701.0,-88.8,16.8,83.3
1690224716.0,-64.8,31.5,92.2
1690224731.0,-80.6,65.6,71.3
1690224746.0,-89.6,36.2,89.4
1690224761.0,-60.4,15.4,81.2
1690224776.0,-73.2,12.6,86.5
1690224791.0,-110.5,30.3,92.2
1690224806.0,-103.3,10.3,85.8
1690224821.0,-82.2,24.2,81.1
1690224836.0,-63.7,16.7,89.4
1690224851.0,-50.5,17.9,92.7
1690224866.0,-69.4,20.2,88.7
1690224881.0,-57.6,28.4,90.0
1690224896.0,-77.8,13.8,86.2
1690224911.0,-94.7,36.7,80.6
1690224926.0,-68.1,32.3,82.0
1690224941.0,-94.1,20.0,74.7
1690224956.0,-41.6,22.6,69.2
1690224971.0,-36.5,14.0,70.6
1690224986.0,-81.3,10.1,79.0
1690225001.0,-74.7,26.8,82.5
1690225016.0,-77.4,27.4,74.0
1690225031.0,-51.9,22.6,76.0
1690225046.0,-94.6,11.7,73.2
1690225061.0,-79.8,22.8,75.6
1690225076.0,-37.2,46.8,89.2
1690225091.0,-83.8,19.2,84.7
1690225106.0,-72.6,26.7,84.0
1690225121.0,-86.0,22.5,86.3
1690225136.0,-70.0,23.7,84.9
1690225151.0,-73.2,26.8,79.3
1690225166.0,-94.6,12.2,81.0
1690225181.0,-100.2,14.7,78.8
1690225196.0,-83.0,17.2,81.4
1690225211.0,-88.5,19.4,84.1
1690225226.0,-100.1,14.7,81.4
1690225241.0,-94.6,13.8,83.3
1690225256.0,-86.6,22.4,78.3
1690225271.0,-90.6,25.5,80.7
1690225286.0,-87.1,19.2,81.7
1690225301.0,-85.6,20.6,82.3
1690225316.0,-85.4,22.2,80.6
1690225331.0,-88.3,24.9,87.7
1690225346.0,-80.4,21.7,74.4
1690225361.0,-106.9,10.1,73.6
1690225376.0,-96.7,16.6,77.2
1690225391.0,-79.5,49.4,82.9
1690225406.0,-94.1,22.5,83.4
1690225421.0,-91.5,12.4,75.7
1690225436.0,-90.1,24.5,77.4
1690225451.0,-88.8,23.8,80.8
1690225466.0,-89.9,21.9,86.4
1690225481.0,-101.7,10.5,80.6
1690225496.0,-85.3,30.2,89.8
1690225511.0,-84.4,30.0,88.3
1690225526.0,-53.3,29.6,78.3
1690225541.0,-73.8,32.8,74.6
1690225556.0,-75.8,-0.3,81.9
1690225571.0,-123.7,22.7,97.6
1690225586.0,-73.9,25.2,88.8
1690225601.0,-100.6,17.4,77.0
1690225616.0,-47.8,7.8,89.5
1690225631.0,-50.0,43.4,89.1
1690225646.0,-63.6,11.0,90.1
1690225661.0,-43.4,18.2,73.7
1690225676.0,-82.2,30.0,87.2
1690225691.0,-65.1,24.3,83.8
1690225706.0,-58.8,34.0,92.5
1690225721.0,-111.9,29.7,92.1
1690225736.0,-95.3,29.6,94.9
1690225751.0,-92.3,21.2,92.9
1690225766.0,-46.8,17.1,83.9
1690225781.0,-69.6,16.0,83.8
1690225796.0,-50.2,42.0,76.7
1690225811.0,-86.9,44.9,89.4
1690225826.0,-74.4,36.8,84.2
1690225841.0,-94.9,28.6,92.3
1690225856.0,-84.8,25.1,90.4
1690225871.0,-72.3,11.1,89.5
1690225886.0,-72.2,16.6,88.2
1690225901.0,-88.8,7.3,81.5
1690225916.0,-69.5,31.4,72.5
1690225931.0,-77.9,23.5,72.5
1690225946.0,-77.6,29.6,77.5
1690225961.0,-91.4,26.3,77.3
1690225976.0,-98.2,13.1,69.9
1690225991.0,-114.6,23.4,83.1
1690226006.0,-61.9,9.2,81.1
1690226021.0,-83.2,21.1,84.3
1690226036.0,-69.0,10.3,86.4
1690226051.0,-69.3,26.1,78.8
1690226066.0,-90.6,28.3,82.0
1690226081.0,-82.2,21.0,79.1
1690226096.0,-84.9,23.7,78.7
1690226111.0,-101.2,18.2,75.7
1690226126.0,-86.4,32.2,74.1
1690226141.0,-45.1,43.8,75.9
1690226156.0,-62.6,35.4,71.1
1690226171.0,-76.5,17.7,72.7
1690226186.0,-97.9,24.4,89.2
1690226201.0,-62.4,31.1,73.2
1690226216.0,-89.5,20.9,83.1
1690226231.0,-99.6,12.8,90.3
1690226246.0,-80.3,11.3,75.7
1690226261.0,-85.8,27.7,79.2
1690226276.0,-85.5,18.5,95.4
1690226291.0,-75.7,19.9,75.1
1690226306.0,-48.6,56.0,80.0
1690226321.0,-62.2,17.5,85.6
1690226336.0,-86.2,20.4,89.6
1690226351.0,-92.9,19.6,96.7
1690226366.0,-82.5,19.9,89.4
1690226381.0,-100.0,-9.8,76.0
1690226396.0,-115.3,25.5,84.9
1690226411.0,-102.8,11.9,80.6
1690226426.0,-111.7,1.1,78.3
1690226441.0,-100.6,15.0,80.3
1690226456.0,-89.2,20.6,69.0
1690226471.0,-96.1,10.6,82.0
1690226486.0,-102.2,13.6,78.7
1690226501.0,-90.1,12.8,75.0
1690226516.0,-96.3,3.6,83.4
1690226531.0,-115.2,8.9,80.8
1690226546.0,-97.1,6.6,81.4
1690226561.0,-106.8,2.4,80.1
1690226576.0,-98.1,12.7,86.1
1690226591.0,-117.5,6.9,79.4
1690226606.0,-91.0,28.3,86.7
1690226621.0,-93.7,9.1,76.2
1690226636.0,-104.5,15.4,85.9
1690226651.0,-69.5,18.6,85.2
1690226666.0,-76.7,19.9,90.1
1690226681.0,-75.3,19.7,86.4
1690226696.0,-32.1,27.6,82.6
1690226711.0,-103.2,18.6,90.2
1690226726.0,-87.0,25.1,80.2
1690226741.0,-49.7,34.2,93.9
1690226756.0,-80.7,19.1,85.6
1690226771.0,-77.9,17.4,77.4
1690226786.0,-75.1,14.9,87.5
1690226801.0,-74.0,19.7,91.3
1690226816.0,-73.8,19.6,88.7
1690226831.0,-26.5,67.5,82.5
1690226846.0,92.9,73.3,106.4
1690226861.0,-51.4,30.3,80.6
1690226876.0,-85.6,25.6,93.2
1690226891.0,-84.7,16.6,88.6
1690226906.0,-54.7,34.3,78.9
1690226921.0,-3.2,30.8,71.8
1690226936.0,-91.8,29.6,83.6
1690226951.0,-110.8,27.2,95.6
1690226966.0,-74.6,10.4,74.6
1690226981.0,-92.0,2.5,77.4
1690226996.0,-89.1,19.9,78.4
1690227011.0,-97.9,12.8,78.5
1690227026.0,-91.3,18.6,63.5
1690227041.0,-89.0,6.0,79.5
1690227056.0,-49.4,16.3,70.4
1690227071.0,-94.7,15.4,77.2
1690227086.0,-98.8,25.8,92.0
1690227101.0,-98.8,22.9,72.1
1690227116.0,-99.2,14.2,77.1
1690227131.0,-115.9,25.1,81.5
1690227146.0,55.4,-44.0,78.9
1690227161.0,-91.2,20.4,77.4
1690227176.0,-99.8,9.3,70.3
1690227191.0,-99.7,17.5,82.4
1690227206.0,-100.1,10.4,72.0
1690227221.0,-65.0,36.9,87.1
1690227236.0,-98.2,18.1,90.6
1690227251.0,-101.1,13.3,88.3
1690227266.0,-105.9,37.9,95.1
1690227281.0,-108.7,25.2,90.0
1690227296.0,-115.8,17.2,85.4
1690227311.0,-115.4,16.2,91.0
1690227326.0,-126.0,23.7,95.1
1690227341.0,-114.6,18.2,72.4
1690227356.0,-116.5,15.0,86.6
1690227371.0,-120.5,15.2,85.2
1690227386.0,-112.2,18.0,91.3
1690227401.0,-109.9,21.6,96.0
1690227416.0,-84.3,36.7,85.2
1690227431.0,-83.2,36.3,96.3
1690227446.0,-94.5,28.1,94.3
1690227461.0,-93.8,26.5,94.2
1690227476.0,-98.0,27.6,91.2
1690227491.0,-97.8,27.5,94.3
1690227506.0,-87.2,32.3,93.1
1690227521.0,-86.2,34.3,93.9
1690227536.0,-97.6,32.3,103.6
1690227551.0,-80.9,38.1,94.8
1690227566.0,-90.6,5.6,75.2
1690227581.0,-89.0,14.9,99.5
1690227596.0,-99.9,34.4,90.2
1690227611.0,-77.2,26.7,92.0
1690227626.0,-96.6,35.1,95.4
1690227641.0,-70.5,42.9,91.1
1690227656.0,-109.7,11.7,92.3
1690227671.0,-109.4,16.4,89.4
1690227686.0,-112.2,16.6,89.8
1690227701.0,-102.4,18.7,91.9
1690227716.0,-98.5,27.3,93.8
1690227731.0,-79.9,35.2,85.5
1690227746.0,-97.8,30.7,98.2
1690227761.0,-92.3,29.3,91.3
1690227776.0,-99.2,14.9,90.8
1690227791.0,-63.8,2.5,59.2
1690227806.0,-36.6,-9.9,54.0
1690227821.0,-36.3,-3.2,55.7
1690227836.0,-100.1,15.2,86.1
1690227851.0,-94.8,28.8,87.7
1690227866.0,-105.9,65.7,80.3
1690227881.0,-109.0,12.2,71.5
1690227896.0,-108.0,11.0,86.7
1690227911.0,-89.1,27.5,84.9
1690227926.0,-100.8,8.7,88.8
1690227941.0,-107.0,10.0,83.5
1690227956.0,-71.9,26.8,72.8
1690227971.0,-69.8,11.9,84.7
1690227986.0,-83.1,18.7,82.3
1690228001.0,-80.2,25.8,84.3
1690228016.0,-82.2,21.4,81.3
1690228031.0,-43.9,36.2,86.0
1690228046.0,-73.2,46.3,101.0
1690228061.0,-81.3,23.8,85.6
1690228076.0,-67.5,16.8,75.4
1690228091.0,-55.8,24.9,79.1
1690228106.0,-55.5,39.9,83.6
1690228121.0,-53.2,34.5,92.0
1690228136.0,-85.4,10.8,79.4
1690228151.0,-80.8,28.0,85.5
1690228166.0,-63.3,31.0,90.1
1690228181.0,-84.7,19.5,82.4
1690228196.0,-103.0,14.8,81.7
1690228211.0,-74.9,29.2,85.6
1690228226.0,-47.6,32.6,82.5
1690228241.0,-64.7,25.7,83.5
1690228256.0,-29.5,46.3,92.8
1690228271.0,-47.3,44.6,97.7
1690228286.0,-64.9,24.4,81.6
1690228301.0,-102.2,6.2,78.9
1690228316.0,-134.0,8.2,82.9
1690228331.0,-26.6,18.1,74.7
1690228346.0,-79.8,31.5,86.3
1690228361.0,-96.3,8.6,82.3
1690228376.0,-99.4,25.6,83.9
1690228391.0,21.4,-2.3,60.7
1690228406.0,26.4,6.1,60.0
1690228421.0,22.2,5.7,60.4
1690228436.0,-2.9,-1.9,57.7
1690228451.0,11.9,7.4,59.6
1690228466.0,4.5,7.4,57.1
1690228481.0,-14.3,4.0,56.1
1690228496.0,7.1,11.0,55.2
1690228511.0,-111.9,27.8,94.5
1690228526.0,-121.8,29.8,88.0
1690228541.0,-93.8,50.2,80.7
1690228556.0,-65.5,60.7,71.0
1690228571.0,-62.5,52.0,98.8
1690228586.0,-108.2,23.8,87.4
1690228601.0,-97.3,38.9,95.3
1690228616.0,-103.5,52.7,108.5
1690228631.0,-111.9,14.4,78.1
1690228646.0,-64.3,11.6,88.8
1690228661.0,-85.0,29.5,84.6
1690228676.0,-135.6,30.9,90.0
1690228691.0,-111.1,38.4,99.9
1690228706.0,-143.8,40.5,101.1
1690228721.0,-131.8,32.4,97.0
1690228736.0,-110.3,28.7,84.6
1690228751.0,-127.3,8.0,70.2
1690228766.0,-100.1,27.3,97.6
1690228781.0,-106.5,27.2,85.9
1690228796.0,-85.7,41.3,78.3
1690228811.0,-108.1,28.2,86.0
1690228826.0,-69.7,34.9,77.4
1690228841.0,-93.2,38.3,91.3
1690228856.0,-103.1,25.9,85.5
1690228871.0,-102.7,34.4,92.9
1690228886.0,-99.9,27.8,87.8
1690228901.0,-111.1,21.7,85.7
1690228916.0,-71.9,22.1,85.4
1690228931.0,-92.3,-3.5,59.8
1690228946.0,-53.9,22.5,79.8
1690228961.0,-36.9,23.1,78.7
1690228976.0,-50.9,16.6,73.4
1690228991.0,-43.6,30.7,82.6
1690229006.0,-91.9,37.6,89.3
1690229021.0,-120.0,17.4,84.2
1690229036.0,-99.3,19.7,80.1
1690229051.0,-110.9,26.1,94.4
1690229066.0,-114.6,28.8,90.9
1690229081.0,-64.9,30.3,78.2
1690229096.0,-99.5,25.4,84.8
1690229111.0,-103.8,25.0,99.9
1690229126.0,-112.0,26.1,96.1
1690229141.0,-65.1,59.1,87.8
1690229156.0,-98.7,26.4,86.2
1690229171.0,-92.8,43.2,101.4
1690229186.0,-119.0,23.1,86.4
1690229201.0,-95.7,30.6,99.9
1690229216.0,-70.7,30.1,87.2
1690229231.0,-116.7,34.5,94.9
1690229246.0,-76.5,38.9,85.8
1690229261.0,-73.7,40.0,90.2
1690229276.0,91.4,-4.4,98.1
1690229291.0,-94.5,39.0,94.3
1690229306.0,-77.1,7.6,75.9
1690229321.0,-64.4,-9.7,82.0
1690229336.0,-105.3,28.5,90.7
1690229351.0,-100.6,33.7,73.1
1690229366.0,-61.8,22.2,93.3
1690229381.0,-83.5,26.9,85.1
1690229396.0,-119.8,5.3,60.8
1690229411.0,-85.2,17.9,74.8
1690229426.0,-76.4,-3.2,72.7
1690229441.0,-98.9,21.5,82.8
1690229456.0,-74.3,15.9,78.6
1690229471.0,-95.9,32.8,81.8
1690229486.0,-85.0,14.4,80.5
1690229501.0,-49.8,22.3,72.5
1690229516.0,-94.4,13.4,76.5
1690229531.0,-111.4,22.5,69.8
1690229546.0,-120.0,11.3,80.0
1690229561.0,-79.9,14.8,81.4
1690229576.0,-78.2,7.3,71.3
1690229591.0,-94.8,4.2,73.7
1690229606.0,-89.9,22.2,86.5
1690229621.0,-89.9,15.8,80.5
1690229636.0,-86.2,29.1,89.4
1690229651.0,-104.6,17.1,84.7
1690229666.0,-74.0,30.7,74.5
1690229681.0,-62.5,41.6,74.9
1690229696.0,-91.5,47.5,75.5
1690229711.0,-71.2,41.8,81.5
1690229726.0,-91.8,52.9,75.8
1690229741.0,-47.8,44.0,72.0
1690229756.0,-22.7,4.9,80.8
1690229771.0,-110.4,20.7,88.7
1690229786.0,-97.4,10.6,77.9
1690229801.0,-101.5,35.5,78.4
1690229816.0,-89.3,24.9,77.6
1690229831.0,-94.6,14.1,84.8
1690229846.0,-106.2,13.1,76.4
1690229861.0,-118.5,-12.5,72.7
1690229876.0,-67.8,-0.9,83.4
1690229891.0,-87.9,31.3,97.3
1690229906.0,-104.7,6.6,75.0
1690229921.0,16.8,-18.7,67.0
1690229936.0,-99.3,8.5,80.1
1690229951.0,-86.9,2.7,81.8
1690229966.0,-99.0,16.1,90.7
1690229981.0,-101.9,25.7,86.1
1690230011.0,-86.0,14.0,93.7
1690230026.0,-114.8,47.2,104.3
1690230041.0,-127.2,-108.8,-31.3
1690230056.0,-104.4,37.5,88.6
1690230071.0,-106.4,1.6,78.2
1690230086.0,-111.9,17.4,65.4
1690230101.0,-100.5,27.0,88.5
1690230116.0,-123.4,4.4,78.9
1690230131.0,-86.6,28.2,96.4
1690230146.0,1.9,-42.7,72.8
1690230161.0,-110.1,6.7,81.4
1690230176.0,-99.3,9.2,77.2
1690230191.0,-71.8,-5.8,77.3
1690230206.0,-95.4,14.0,81.0
1690230221.0,-88.9,19.4,82.7
1690230236.0,-106.0,13.1,80.5
1690230251.0,-89.8,4.2,74.5
1690230266.0,-86.0,9.1,81.4
1690230281.0,-70.7,20.8,82.1
1690230296.0,-117.9,16.8,83.6
1690230311.0,-1.9,-50.6,74.0
1690230326.0,-129.9,37.8,121.4
1690230341.0,-117.0,42.1,138.3
1690230356.0,-174.8,80.3,171.5
1690230371.0,-108.6,59.7,130.9
1690230386.0,-128.9,49.6,123.8
1690230401.0,-119.6,63.1,134.8
1690230416.0,-8.4,-0.2,129.3
1690230431.0,-74.1,33.8,129.5
1690230446.0,-100.3,53.9,137.6
1690230461.0,-117.1,57.7,136.1
1690230476.0,-104.6,63.1,115.2
1690230491.0,-102.6,61.3,118.6
1690230506.0,-82.0,68.3,143.1
1690230521.0,-104.2,53.9,135.4
1690230536.0,-173.0,110.8,132.5
1690230551.0,-70.2,56.2,131.4
1690230566.0,-115.5,126.0,129.5
1690230581.0,-253.5,363.7,129.4
1690230596.0,-593.8,496.8,97.2
1690230611.0,-1252.3,796.7,75.8
1690230626.0,-1736.5,534.4,-111.5
1690230641.0,nan,nan,nan
1690230656.0,nan,nan,nan
1690230671.0,nan,nan,nan
1690230686.0,nan,nan,nan
1690230701.0,nan,nan,nan
1690230716.0,nan,nan,nan
1690230731.0,nan,nan,nan
1690230746.0,nan,nan,nan
1690230761.0,nan,nan,nan
1690230776.0,nan,nan,nan
1690230791.0,nan,nan,nan
1690230806.0,nan,nan,nan
1690230821.0,nan,nan,nan
1690230836.0,nan,nan,nan
1690230851.0,nan,nan,nan
1690230866.0,nan,nan,nan
1690230881.0,nan,nan,nan
1690230896.0,nan,nan,nan
1690230911.0,nan,nan,nan
1690230926.0,nan,nan,nan
1690230941.0,nan,nan,nan
1690230956.0,nan,nan,nan
1690230971.0,nan,nan,nan
1690230986.0,nan,nan,nan
1690231001.0,nan,nan,nan
1690231016.0,nan,nan,nan
1690231031.0,nan,nan,nan
1690231046.0,nan,nan,nan
1690231061.0,nan,nan,nan
1690231076.0,nan,nan,nan
1690231091.0,nan,nan,nan
1690231106.0,nan,nan,nan
1690231121.0,nan,nan,nan
1690231136.0,nan,nan,nan
1690231151.0,nan,nan,nan
1690231166.0,nan,nan,nan
1690231181.0,nan,nan,nan
1690231196.0,nan,nan,nan
1690231211.0,nan,nan,nan
1690231226.0,nan,nan,nan
1690231241.0,nan,nan,nan
1690231256.0,nan,nan,nan
1690231271.0,nan,nan,nan
1690231286.0,nan,nan,nan
1690231301.0,nan,nan,nan
1690231316.0,nan,nan,nan
1690231331.0,nan,nan,nan
1690231346.0,nan,nan,nan
1690231361.0,nan,nan,nan
1690231376.0,nan,nan,nan
1690231391.0,nan,nan,nan
1690231406.0,nan,nan,nan
1690231421.0,nan,nan,nan
1690231436.0,nan,nan,nan
1690231451.0,nan,nan,nan
1690231466.0,nan,nan,nan
1690231481.0,nan,nan,nan
1690231496.0,nan,nan,nan
1690231511.0,nan,nan,nan
1690231526.0,nan,nan,nan
1690231541.0,nan,nan,nan
1690231556.0,nan,nan,nan
1690231571.0,nan,nan,nan
1690231586.0,nan,nan,nan
1690231601.0,nan,nan,nan
1690231616.0,nan,nan,nan
1690231631.0,nan,nan,nan
1690231646.0,nan,nan,nan
1690231661.0,nan,nan,nan
1690231676.0,nan,nan,nan
1690231691.0,nan,nan,nan
1690231706.0,nan,nan,nan
1690231721.0,nan,nan,nan
1690231736.0,nan,nan,nan
1690231751.0,nan,nan,nan
1690231766.0,nan,nan,nan
1690231781.0,nan,nan,nan
1690231796.0,nan,nan,nan
1690231811.0,nan,nan,nan
1690231826.0,nan,nan,nan
1690231841.0,nan,nan,nan
1690231856.0,nan,nan,nan
1690231871.0,nan,nan,nan
1690231886.0,nan,nan,nan
1690231901.0,nan,nan,nan
1690231916.0,nan,nan,nan
1690231931.0,nan,nan,nan
1690231946.0,nan,nan,nan
1690231961.0,nan,nan,nan
1690231976.0,nan,nan,nan
1690231991.0,nan,nan,nan
1690232006.0,nan,nan,nan
1690232021.0,nan,nan,nan
1690232036.0,nan,nan,nan
1690232051.0,nan,nan,nan
1690232066.0,nan,nan,nan
1690232081.0,nan,nan,nan
1690232096.0,nan,nan,nan
1690232111.0,nan,nan,nan
1690232126.0,nan,nan,nan
1690232141.0,nan,nan,nan
1690232156.0,nan,nan,nan
1690232171.0,nan,nan,nan
1690232186.0,nan,nan,nan
1690232201.0,nan,nan,nan
1690232216.0,nan,nan,nan
1690232231.0,nan,nan,nan
1690232246.0,nan,nan,nan
1690232261.0,nan,nan,nan
1690232276.0,nan,nan,nan
1690232291.0,nan,nan,nan
1690232306.0,nan,nan,nan
1690232321.0,nan,nan,nan
1690232336.0,nan,nan,nan
1690232351.0,nan,nan,nan
1690232366.0,nan,nan,nan
1690232381.0,nan,nan,nan
1690232396.0,nan,nan,nan
1690232411.0,nan,nan,nan
1690232426.0,nan,nan,nan
1690232441.0,nan,nan,nan
1690232456.0,nan,nan,nan
1690232471.0,nan,nan,nan
1690232486.0,nan,nan,nan
1690232501.0,nan,nan,nan
1690232516.0,nan,nan,nan
1690232531.0,nan,nan,nan
1690232546.0,nan,nan,nan
1690232561.0,nan,nan,nan
1690232576.0,nan,nan,nan
1690232591.0,nan,nan,nan
1690232606.0,nan,nan,nan
1690232621.0,nan,nan,nan
1690232636.0,nan,nan,nan
1690232651.0,nan,nan,nan
1690232666.0,nan,nan,nan
1690232681.0,-1547.7,555.0,-10.4
1690232696.0,-1181.4,574.8,69.8
1690232711.0,-626.2,253.5,111.7
1690232726.0,-598.0,67.4,153.9
1690232741.0,-604.7,20.2,57.0
1690232756.0,-706.7,76.4,129.5
1690232771.0,-702.5,67.1,146.5
1690232786.0,-707.0,79.5,154.2
1690232801.0,-762.4,33.0,117.5
1690232816.0,-869.7,-62.7,155.7
1690232831.0,-883.3,-51.1,141.6
1690232846.0,-888.5,-49.4,134.2
1690232861.0,-901.3,-41.3,134.8
1690232876.0,-916.4,-57.9,167.3
1690232891.0,-817.3,-91.6,34.7
1690232906.0,-872.0,-56.6,126.9
1690232921.0,-866.9,-42.9,119.7
1690232936.0,-822.8,-102.6,157.2
1690232951.0,-722.2,-165.4,162.7
1690232966.0,-723.4,-151.6,184.0
1690232981.0,-604.7,-261.8,142.1
1690232996.0,-441.3,-573.1,119.7
1690233011.0,-333.3,-583.4,113.8
1690233026.0,-237.8,-721.6,105.9
1690233041.0,-198.1,-608.8,104.5
1690233056.0,-187.4,-592.3,103.0
1690233071.0,-148.5,-712.4,96.4
1690233086.0,-135.4,-690.4,143.7
1690233101.0,-141.5,-692.1,137.5
1690233116.0,-140.9,-740.3,81.4
1690233131.0,-135.6,-710.4,121.2
1690233146.0,-145.1,-707.0,122.1
1690233161.0,-119.9,-700.8,81.1
1690233176.0,-116.3,-699.7,87.9
1690233191.0,-118.9,-704.8,88.1
1690233206.0,-125.4,-686.0,155.0
1690233221.0,-149.8,-726.2,105.9
1690233236.0,-145.0,-692.9,145.6
1690233251.0,-153.3,-731.1,106.7
1690233266.0,-124.5,-692.8,122.2
1690233281.0,-73.0,-730.4,115.6
1690233296.0,-119.7,-683.5,142.6
1690233311.0,-141.2,-698.2,122.8
1690233326.0,-132.5,-710.3,135.9
1690233341.0,-131.8,-700.8,142.0
1690233356.0,-110.8,-694.5,98.3
1690233371.0,-206.9,-667.5,140.8
1690233386.0,-195.7,-705.8,126.2
1690233401.0,-199.8,-683.2,148.6
1690233416.0,-211.1,-696.2,151.5
1690233431.0,-161.2,-719.1,95.9
1690233446.0,-200.8,-740.7,97.1
1690233461.0,-207.2,-699.4,145.1
1690233476.0,-184.2,-709.0,139.5
1690233491.0,-185.8,-734.3,104.4
1690233506.0,-190.2,-737.2,114.9
1690233521.0,-202.0,-703.9,146.6
1690233536.0,-217.8,-720.8,131.0
1690233551.0,-206.8,-711.4,135.8
1690233566.0,-207.8,-726.4,91.8
1690233581.0,-187.9,-701.7,151.2
1690233596.0,-207.0,-718.3,79.9
1690233611.0,-203.4,-698.4,155.4
1690233626.0,-201.8,-713.2,139.6
1690233641.0,-194.6,-706.1,142.3
1690233656.0,-153.6,-700.9,96.3
1690233671.0,-197.4,-693.5,146.1
1690233686.0,-349.9,-546.9,125.2
1690233701.0,-183.2,-715.4,73.0
1690233716.0,-175.9,-728.4,146.0
1690233731.0,-191.7,-702.7,146.8
1690233746.0,-172.9,-737.0,144.5
1690233761.0,-213.6,-710.1,113.5
1690233776.0,-205.2,-733.9,117.6
1690233791.0,-190.9,-737.1,125.2
1690233806.0,-220.1,-627.1,148.1
1690233821.0,-288.3,-724.4,78.7
1690233836.0,-278.7,-712.8,91.8
1690233851.0,-266.8,-717.9,145.6
1690233866.0,-289.9,-702.3,148.4
1690233881.0,-276.0,-707.0,76.6
1690233896.0,-276.9,-710.9,84.2
1690233911.0,-267.8,-693.0,152.9
1690233926.0,-336.6,-636.9,142.9
1690233941.0,-335.4,-720.0,98.7
1690233956.0,-337.3,-702.6,127.6
1690233971.0,-333.9,-708.1,158.6
1690233986.0,-336.3,-706.4,160.7
1690234001.0,-336.8,-691.7,150.7
1690234016.0,-334.4,-751.8,99.4
1690234031.0,-341.8,-725.1,97.3
1690234046.0,-327.5,-689.4,147.7
1690234061.0,-357.3,-702.6,80.6
1690234076.0,-341.1,-715.1,89.0
1690234091.0,-349.0,-683.3,146.2
1690234106.0,-345.9,-688.4,140.3
1690234121.0,-331.9,-723.6,98.3
1690234136.0,-336.6,-737.6,98.6
1690234151.0,-382.7,-649.2,142.4
1690234166.0,-438.3,-555.5,83.0
1690234181.0,-396.0,-699.0,155.4
1690234196.0,-403.8,-694.0,151.9
1690234211.0,-410.7,-706.6,157.1
1690234226.0,-401.9,-691.3,149.7
1690234241.0,-449.8,-710.4,107.1
1690234256.0,-462.9,-707.4,104.0
1690234271.0,-464.0,-708.5,87.9
1690234286.0,-447.8,-684.6,155.6
1690234301.0,-464.6,-683.3,149.5
1690234316.0,-491.2,-729.1,109.6
1690234331.0,-476.5,-694.9,87.0
1690234346.0,-447.9,-700.3,159.4
1690234361.0,-462.1,-684.7,152.0
1690234376.0,-488.9,-702.1,94.1
1690234391.0,-494.5,-679.8,79.2
1690234406.0,-457.1,-690.5,153.4
1690234421.0,-474.9,-693.0,117.8
1690234436.0,-495.7,-694.3,84.7
1690234451.0,-454.5,-688.0,150.2
1690234466.0,-464.1,-679.6,145.0
1690234481.0,-473.3,-549.5,133.2
1690234496.0,-562.0,-625.5,138.8
1690234511.0,-605.6,-700.8,84.5
1690234526.0,-581.0,-684.3,125.3
1690234541.0,-606.5,-613.6,137.6
1690234556.0,-648.7,-497.5,120.8
1690234571.0,-545.7,-376.1,150.8
1690234586.0,-589.2,-360.1,113.8
1690234601.0,-487.2,-36.0,140.5
1690234616.0,-466.7,239.2,147.6
1690234631.0,-443.9,211.1,161.4
1690234646.0,-446.6,230.9,179.9
1690234661.0,-446.6,238.3,143.0
1690234676.0,-448.4,206.2,134.0
1690234691.0,-480.6,194.1,155.0
1690234706.0,-475.9,175.8,148.9
1690234721.0,-462.0,113.9,144.7
1690234736.0,-492.2,166.6,155.2
1690234751.0,-455.1,149.4,134.9
1690234766.0,-475.3,149.3,148.7
1690234781.0,-535.2,176.4,151.4
1690234796.0,-225.7,251.5,108.4
1690234811.0,-217.5,283.6,117.2
1690234826.0,-270.3,261.5,69.0
1690234841.0,-252.6,315.5,66.2
1690234856.0,-270.6,314.0,84.1
1690234871.0,-289.9,300.1,58.2
1690234886.0,-272.6,245.4,86.9
1690234901.0,-263.6,255.4,94.0
1690234916.0,-273.1,256.5,123.2
1690234931.0,-266.2,267.6,131.3
1690234946.0,-292.8,258.9,120.7
1690234961.0,-293.3,256.2,86.7
1690234976.0,-364.7,267.5,94.9
1690234991.0,-309.5,254.7,130.2
1690235006.0,-296.3,356.4,114.7
1690235021.0,-292.7,325.3,142.5
1690235036.0,-289.8,266.3,84.6
1690235051.0,-363.4,255.6,80.2
1690235066.0,-375.3,249.7,82.1
1690235081.0,-232.9,271.8,123.0
1690235096.0,-211.5,281.8,121.1
1690235111.0,-90.6,85.1,83.9
1690235126.0,-87.9,36.0,83.0
1690235141.0,-109.7,-4.3,92.6
1690235156.0,-32.2,37.0,88.3
1690235171.0,-63.8,30.4,114.5
1690235186.0,-65.3,39.8,107.4
1690235201.0,-45.7,36.6,96.6
1690235216.0,-30.8,30.8,106.4
1690235231.0,-120.7,58.6,124.1
1690235246.0,-117.1,72.1,148.2
1690235261.0,-94.2,68.8,144.3
1690235276.0,-85.6,71.4,132.4
1690235291.0,-129.3,70.6,130.6
1690235306.0,-118.9,68.1,128.7
1690235321.0,-75.2,55.5,80.8
1690235336.0,-13.0,20.2,91.9
1690235351.0,-88.8,19.2,73.5
1690235366.0,-92.4,38.2,95.5
1690235381.0,-120.0,47.3,93.2
1690235396.0,-114.0,36.5,83.0
1690235411.0,-103.2,38.0,89.0
1690235426.0,-110.4,33.8,95.9
1690235441.0,-109.9,34.1,93.9
1690235456.0,-102.9,31.1,94.7
1690235471.0,-102.6,30.9,96.5
1690235486.0,-99.7,33.9,94.6
1690235501.0,-83.4,32.3,87.3
1690235516.0,-101.8,30.1,92.4
1690235531.0,-96.4,36.9,91.6
1690235546.0,-106.8,29.1,93.2
1690235561.0,-96.8,29.9,92.4
1690235576.0,-72.5,40.1,82.5
1690235591.0,-69.1,41.0,91.1
1690235606.0,-82.5,38.9,87.1
1690235621.0,-114.8,34.8,102.0
1690235636.0,-108.9,27.7,91.2
1690235651.0,-103.9,27.4,83.2
1690235666.0,-91.7,30.4,89.9
1690235681.0,-119.2,25.6,84.4
1690235696.0,-102.4,32.8,81.2
1690235711.0,-105.4,31.1,86.5
1690235726.0,-97.7,18.1,78.4
1690235741.0,-106.7,34.8,89.8
1690235756.0,-93.9,42.3,100.6
1690235771.0,-96.5,31.4,97.3
1690235786.0,-97.3,28.5,87.8
1690235801.0,-98.0,28.6,88.8
1690235816.0,-102.8,34.8,97.1
1690235831.0,-94.4,32.9,94.1
1690235846.0,-108.5,32.2,91.5
1690235861.0,-113.8,29.9,101.9
1690235876.0,-109.2,32.9,88.4
1690235891.0,-102.9,26.4,91.7
1690235906.0,-101.9,28.8,93.3
1690235921.0,-95.0,28.7,92.7
1690235936.0,-105.3,32.3,91.4
1690235951.0,-88.0,33.0,92.3
1690235966.0,-105.2,28.2,91.1
1690235981.0,-76.8,40.2,96.5
1690235996.0,-113.5,30.9,92.9
1690236011.0,-101.6,33.0,92.7
1690236026.0,-73.8,46.3,96.0
1690236041.0,-102.4,22.4,92.3
1690236056.0,-97.7,43.3,96.4
1690236071.0,-102.6,32.2,82.3
1690236086.0,-98.3,39.4,88.7
1690236101.0,-106.7,35.0,86.0
1690236116.0,-109.6,32.7,87.2
1690236131.0,-114.0,35.6,93.8
1690236146.0,-101.7,28.4,83.2
1690236161.0,-98.0,11.5,75.0
1690236176.0,-102.4,32.8,86.7
1690236191.0,-102.4,26.5,85.5
1690236206.0,-104.1,35.6,87.1
1690236221.0,-100.3,36.4,95.4
1690236236.0,-97.9,42.1,92.6
1690236251.0,-94.8,25.4,80.2
1690236266.0,-95.3,30.1,82.4
1690236281.0,-104.2,35.7,84.5
1690236296.0,-102.6,37.8,87.3
1690236311.0,-104.5,26.2,86.1
1690236326.0,-105.6,29.3,87.4
1690236341.0,-92.6,43.1,94.6
1690236356.0,-115.7,26.2,91.7
1690236371.0,-110.2,33.4,89.3
1690236386.0,-106.8,31.9,89.5
1690236401.0,-103.6,24.1,72.8
1690236416.0,-120.7,26.5,78.3
1690236431.0,-116.4,17.6,78.3
1690236446.0,-97.7,21.1,78.5
1690236461.0,-104.5,23.6,77.1
1690236476.0,-100.4,28.2,78.0
1690236491.0,-109.1,17.0,80.3
1690236506.0,-97.3,37.9,96.4
1690236521.0,-102.6,30.0,90.8
1690236536.0,-103.5,22.9,79.9
1690236551.0,-65.3,45.2,80.0
1690236566.0,-98.5,32.1,90.1
1690236581.0,-97.4,32.5,95.1
1690236596.0,-76.6,35.8,90.8
1690236611.0,-98.0,33.2,93.5
1690236626.0,-101.4,27.8,81.4
1690236641.0,-86.4,38.5,89.9
1690236656.0,-81.7,51.3,103.6
1690236671.0,-93.3,34.2,96.1
1690236686.0,-93.5,30.2,86.2
1690236701.0,-95.5,19.3,75.8
1690236716.0,-92.8,29.4,87.2
1690236731.0,-95.2,48.1,97.1
1690236746.0,-71.3,38.9,85.3
1690236761.0,-84.7,38.0,96.0
1690236776.0,-96.0,30.4,77.6
1690236791.0,-83.9,24.7,82.1
1690236806.0,-74.4,39.4,92.3
1690236821.0,-67.5,60.5,93.9
1690236836.0,-67.7,53.1,91.7
1690236851.0,-107.2,41.9,98.0
1690236866.0,-73.9,31.3,91.3
1690236881.0,-77.7,37.9,91.7
1690236896.0,-119.6,35.9,96.5
1690236911.0,-95.7,34.0,94.4
1690236926.0,-107.4,36.2,92.0
1690236941.0,-110.6,31.8,91.4
1690236956.0,-102.9,28.2,92.4
1690236971.0,-103.3,38.1,95.8
1690236986.0,-103.5,28.9,94.4
1690237001.0,-108.6,32.3,93.8
1690237016.0,-83.0,26.2,79.2
1690237031.0,59.5,-43.2,79.2
1690237046.0,-105.4,27.4,90.0
1690237061.0,-74.9,36.2,90.1
1690237076.0,-85.1,52.5,101.5
1690237091.0,-99.2,38.9,88.5
1690237106.0,-87.6,47.7,96.1
1690237121.0,-98.6,25.3,79.8
1690237136.0,-103.9,31.2,84.5
1690237151.0,-102.6,39.2,87.3
1690237166.0,-108.3,41.6,86.6
1690237181.0,-105.9,43.6,88.6
1690237196.0,-95.7,57.8,104.7
1690237211.0,-109.6,37.0,94.3
1690237226.0,-107.6,39.5,91.1
1690237241.0,-76.4,25.7,103.0
1690237256.0,-97.1,93.8,125.3
1690237271.0,-100.2,128.5,113.8
1690237301.0,-23.0,232.3,124.4
1690237316.0,-83.4,335.1,134.3
1690237331.0,-36.6,283.5,132.2
1690237346.0,-60.6,327.1,146.1
1690237361.0,-22.2,315.0,143.8
1690237376.0,-25.2,302.2,135.2
1690237391.0,-20.0,310.6,140.9
1690237406.0,-18.7,310.1,132.9
1690237421.0,-28.1,311.5,125.8
1690237436.0,-20.5,307.5,130.5
1690237451.0,-45.8,317.6,139.1
1690237466.0,-27.7,303.0,92.5
1690237481.0,-253.8,226.9,85.0
1690237496.0,-272.0,224.9,104.9
1690237511.0,-271.8,226.7,129.4
1690237526.0,-279.8,181.8,78.1
1690237541.0,-305.5,203.9,84.1
1690237556.0,-305.1,231.6,75.7
1690237571.0,-350.3,313.1,73.3
1690237586.0,-235.2,475.4,68.5
1690237601.0,-376.6,97.3,84.7
1690237616.0,-301.4,68.4,118.8
1690237631.0,-305.7,65.1,143.2
1690237646.0,-340.5,41.0,82.1
1690237661.0,-378.7,35.3,92.0
1690237676.0,-335.9,26.5,86.5
1690237691.0,-262.9,75.9,97.4
1690237706.0,-333.1,25.2,77.2
1690237721.0,-346.0,64.7,95.3
1690237736.0,-339.1,36.3,98.7
1690237751.0,-311.4,54.9,92.7
1690237766.0,-349.2,25.2,135.0
1690237781.0,-353.7,27.8,115.5
1690237796.0,-343.7,23.1,116.3
1690237811.0,-324.5,24.5,118.6
1690237826.0,-340.7,27.6,107.2
1690237841.0,-345.7,45.5,123.6
1690237856.0,-347.0,30.9,136.6
1690237871.0,-350.6,44.9,126.7
1690237886.0,-349.6,44.6,127.6
1690237901.0,-351.1,40.7,125.9
1690237916.0,-350.3,43.1,111.3
1690237931.0,-347.4,43.1,124.5
1690237946.0,-324.9,50.9,130.1
1690237961.0,-329.9,46.3,104.9
1690237976.0,-328.1,41.6,104.2
1690237991.0,-309.5,54.7,108.1
1690238006.0,-330.1,39.6,96.4
1690238021.0,-317.5,42.7,107.0
1690238036.0,-338.5,49.6,133.3
1690238051.0,-311.5,60.3,125.4
1690238066.0,-287.7,61.2,77.9
1690238081.0,-310.9,53.0,128.3
1690238096.0,-313.8,50.1,143.8
1690238111.0,-303.6,56.6,126.8
1690238126.0,-294.4,61.8,134.2
1690238141.0,-300.1,55.5,126.4
1690238156.0,-296.6,61.6,137.5
1690238171.0,-290.9,60.1,134.5
1690238186.0,-293.3,55.8,131.3
1690238201.0,-286.7,64.9,139.9
1690238216.0,-298.4,61.5,137.5
1690238231.0,-306.0,55.4,129.3
1690238246.0,-290.6,53.6,124.1
1690238261.0,-294.0,54.7,127.7
1690238276.0,-303.0,59.0,143.2
1690238291.0,-287.8,60.5,126.4
1690238306.0,-289.5,66.7,129.5
1690238321.0,-293.1,55.3,106.8
1690238336.0,-295.3,66.3,141.2
1690238351.0,-307.1,59.4,133.2
1690238366.0,-282.2,72.3,130.7
1690238381.0,-277.0,70.4,137.8
1690238396.0,-291.2,70.0,137.8
1690238411.0,-284.5,66.6,111.9
1690238426.0,-289.6,84.1,129.3
1690238441.0,-282.9,81.5,135.7
1690238456.0,-292.6,88.0,130.5
1690238471.0,-320.0,130.1,139.6
1690238486.0,-291.0,202.3,119.4
1690238501.0,-289.5,220.4,121.1
1690238516.0,-284.3,220.5,122.8
1690238531.0,-277.9,245.2,138.1
1690238546.0,-295.5,261.0,146.2
1690238561.0,-281.4,236.7,132.0
1690238576.0,-263.6,271.2,122.3
1690238591.0,-257.0,284.9,129.3
1690238606.0,-268.2,282.8,131.2
1690238621.0,-243.8,295.8,138.7
1690238636.0,-272.1,284.4,128.7
1690238651.0,-258.7,296.9,121.2
1690238666.0,-247.2,310.4,137.5
1690238681.0,-267.4,293.3,121.4
1690238696.0,-280.5,228.6,107.8
1690238711.0,-283.8,245.7,141.5
1690238726.0,-368.0,284.0,137.8
1690238741.0,-398.4,280.8,114.2
1690238756.0,-835.9,-37.0,114.9
1690238771.0,-888.5,-53.4,139.0
1690238786.0,-901.9,-10.7,124.6
1690238801.0,-897.6,-46.3,149.8
1690238816.0,-848.8,-56.8,87.8
1690238831.0,-873.4,-65.2,108.5
1690238846.0,-865.2,-47.9,123.4
1690238861.0,-866.9,-48.6,103.7
1690238876.0,-850.9,-81.8,53.1
1690238891.0,-912.6,-3.1,153.3
1690238906.0,-941.7,-10.0,173.9
1690238921.0,-883.9,-65.5,138.8
1690238936.0,-855.6,-73.7,132.5
1690238951.0,-863.3,-120.2,133.7
1690238966.0,-819.9,-119.8,158.3
1690238981.0,-817.5,-116.9,130.4
1690238996.0,-827.5,-116.0,139.7
1690239011.0,-827.4,-108.5,137.9
1690239026.0,-772.8,-211.5,155.0
1690239041.0,-768.9,-214.8,103.4
1690239056.0,-749.6,-236.9,144.6
1690239071.0,-740.6,-245.5,150.1
1690239086.0,-743.1,-246.7,150.2
1690239101.0,-759.9,-231.3,160.5
1690239116.0,-728.9,-236.0,147.6
1690239131.0,-752.1,-203.9,164.8
1690239146.0,-715.0,-176.2,158.3
1690239161.0,-679.6,-163.6,145.8
1690239176.0,-593.0,-247.8,139.7
1690239191.0,-570.2,-234.3,174.7
1690239206.0,-543.7,-225.7,153.9
1690239221.0,-530.0,-215.5,120.5
1690239236.0,-586.9,-248.6,134.7
1690239251.0,-569.1,-248.8,139.9
1690239266.0,-553.8,-246.1,127.4
1690239281.0,-544.9,-228.7,142.6
1690239296.0,-552.6,-225.0,147.1
1690239311.0,-555.8,-235.2,134.1
1690239326.0,-595.5,-251.7,156.9
1690239341.0,-581.5,-255.6,142.2
1690239356.0,-537.4,-197.2,141.0
1690239371.0,-548.1,-207.7,144.4
1690239386.0,-546.2,-202.8,145.3
1690239401.0,-555.8,-227.4,140.7
1690239416.0,-567.9,-222.9,154.2
1690239431.0,-550.4,-225.3,135.2
1690239446.0,-559.1,-202.7,148.3
1690239461.0,-581.0,-262.9,122.2
1690239476.0,-555.4,-266.2,118.9
1690239491.0,-554.3,-264.9,120.7
1690239506.0,-572.1,-256.1,128.8
1690239521.0,-578.6,-268.6,142.2
1690239536.0,-600.3,-283.3,127.4
1690239551.0,-582.1,-272.8,152.0
1690239566.0,-704.1,-455.8,95.8
1690239581.0,-756.4,-644.6,147.2
1690239596.0,-735.3,-711.4,105.7
1690239611.0,-713.6,-726.6,91.5
1690239626.0,-716.6,-714.5,87.2
1690239641.0,-707.6,-721.6,73.6
1690239656.0,-742.4,-693.9,131.2
1690239671.0,-743.9,-714.2,111.4
1690239686.0,-691.2,-730.6,96.6
1690239701.0,-715.4,-723.2,98.8
1690239716.0,-713.1,-702.1,96.2
1690239731.0,-691.8,-677.4,111.0
1690239746.0,-669.5,-721.9,101.8
1690239761.0,-676.9,-698.8,128.2
1690239776.0,-677.3,-722.3,96.8
1690239791.0,-663.7,-689.7,86.5
1690239806.0,-677.1,-690.6,129.6
1690239821.0,-688.7,-699.4,124.7
1690239836.0,-659.9,-714.8,87.0
1690239851.0,-681.1,-739.4,112.5
1690239866.0,-686.6,-678.7,123.0
1690239881.0,-811.7,-576.7,124.6
1690239896.0,-813.7,-747.9,115.6
1690239911.0,-805.7,-723.2,109.0
1690239926.0,-833.4,-722.9,97.9
1690239941.0,-804.3,-694.9,135.5
1690239956.0,-803.8,-740.7,89.0
1690239971.0,-829.6,-718.3,104.2
1690239986.0,-820.3,-683.3,154.5
1690240001.0,-839.9,-763.7,118.1
1690240016.0,-843.5,-706.6,93.9
1690240031.0,-807.4,-700.5,141.8
1690240046.0,-830.1,-703.8,155.3
1690240061.0,-850.3,-731.7,109.8
1690240076.0,-818.5,-694.2,157.7
1690240091.0,-812.9,-703.1,114.3
1690240106.0,-814.1,-702.0,151.3
1690240121.0,-761.7,-663.2,131.7
1690240136.0,-747.5,-709.1,98.2
1690240151.0,-779.6,-768.1,119.1
1690240166.0,-739.1,-738.6,85.8
1690240181.0,-753.4,-687.2,146.1
1690240196.0,-784.6,-696.3,125.5
1690240211.0,-775.4,-721.1,95.3
1690240226.0,-751.3,-703.7,151.4
1690240241.0,-725.8,-726.3,147.4
1690240256.0,-750.8,-708.2,127.6
1690240271.0,-800.1,-736.6,107.2
1690240286.0,-808.6,-725.5,107.5
1690240301.0,-763.6,-709.7,152.4
1690240316.0,-790.3,-703.8,123.1
1690240331.0,-786.5,-727.7,86.5
1690240346.0,-742.4,-697.2,124.5
1690240361.0,-769.8,-697.2,146.3
1690240376.0,-746.3,-634.7,142.2
1690240391.0,-734.1,-738.9,97.9
1690240406.0,-685.7,-716.4,132.9
1690240421.0,-681.0,-701.0,126.3
1690240436.0,-691.5,-709.0,94.7
1690240451.0,-683.3,-728.1,100.5
1690240466.0,-659.5,-692.5,78.4
1690240481.0,-691.7,-732.2,85.6
1690240496.0,-669.1,-738.5,84.0
1690240511.0,-701.9,-665.4,129.7
1690240526.0,-708.4,-684.5,143.1
1690240541.0,-686.0,-772.2,99.3
1690240556.0,-698.4,-745.8,92.1
1690240571.0,-697.6,-679.0,136.5
1690240586.0,-693.1,-708.9,134.2
1690240601.0,-635.3,-599.7,136.5
1690240616.0,-546.5,-652.6,113.3
1690240631.0,-279.4,-641.6,115.2
1690240646.0,-328.5,-655.5,139.8
1690240661.0,-355.0,-622.7,118.1
1690240676.0,-329.2,-702.5,105.7
1690240691.0,-338.0,-690.6,151.6
1690240706.0,-315.6,-685.9,138.9
1690240721.0,-329.5,-711.1,116.2
1690240736.0,-316.6,-691.5,149.5
1690240751.0,-335.4,-698.7,138.4
1690240766.0,-324.1,-699.9,138.7
1690240781.0,-332.8,-726.0,120.8
1690240796.0,-321.4,-726.1,105.5
1690240811.0,-342.7,-719.8,99.3
1690240826.0,-327.2,-695.2,129.8
1690240841.0,-330.5,-677.2,139.8
1690240856.0,-362.4,-711.5,106.5
1690240871.0,-323.7,-712.4,152.2
1690240886.0,-345.8,-700.5,138.6
1690240901.0,-367.2,-664.5,124.3
1690240916.0,-393.5,-706.4,106.0
1690240931.0,-387.6,-696.4,158.6
1690240946.0,-426.9,-690.6,106.7
1690240961.0,-379.5,-707.7,153.3
1690240976.0,-374.8,-736.8,106.9
1690240991.0,-396.8,-744.5,114.7
1690241006.0,-413.8,-708.8,96.9
1690241021.0,-408.0,-714.0,107.1
1690241036.0,-398.5,-703.5,155.6
1690241051.0,-418.4,-694.8,100.0
1690241066.0,-420.8,-700.2,93.5
1690241081.0,-401.3,-692.1,156.5
1690241096.0,-421.3,-703.3,146.4
1690241111.0,-420.0,-708.8,92.0
1690241126.0,-423.5,-713.9,88.4
1690241141.0,-426.5,-693.3,87.3
1690241156.0,-406.3,-708.2,135.5
1690241171.0,-428.3,-448.8,130.0
1690241186.0,-392.2,-449.9,143.8
1690241201.0,-445.4,-451.2,109.5
1690241216.0,-411.6,-446.7,136.4
1690241231.0,-458.7,-242.4,104.7
1690241246.0,-494.2,150.5,141.8
1690241261.0,-583.8,323.4,108.4
1690241276.0,-839.6,500.1,129.7
1690241291.0,-865.4,506.1,152.3
1690241306.0,-730.2,514.5,110.8
1690241321.0,-329.9,398.1,151.8
1690241336.0,-334.5,381.1,144.2
1690241351.0,-380.2,253.9,134.1
1690241366.0,-335.9,268.9,120.4
1690241381.0,-135.9,264.6,101.7
1690241396.0,91.7,294.0,107.3
1690241411.0,271.3,232.2,131.9
1690241426.0,311.8,278.6,117.0
1690241441.0,350.6,206.5,100.9
1690241456.0,410.5,244.8,105.4
1690241471.0,421.9,86.1,73.8
1690241486.0,387.7,67.5,86.4
1690241501.0,381.5,36.5,89.4
1690241516.0,414.3,29.2,92.1
1690241531.0,391.7,68.2,93.3
1690241546.0,388.9,52.3,83.5
1690241561.0,402.6,44.2,76.6
1690241576.0,360.3,38.1,81.2
1690241591.0,403.1,43.2,93.2
1690241606.0,400.2,46.2,80.7
1690241621.0,389.0,46.8,90.0
1690241636.0,403.3,45.6,92.3
1690241651.0,383.3,36.0,70.9
1690241666.0,392.3,29.6,77.8
1690241681.0,394.7,41.4,85.6
1690241696.0,392.1,41.0,89.5
1690241711.0,393.2,39.2,86.9
1690241726.0,341.8,7.7,64.1
1690241741.0,412.4,42.9,81.9
1690241756.0,408.3,42.5,87.3
1690241771.0,392.4,35.8,92.0
1690241786.0,391.0,32.7,71.4
1690241801.0,399.1,33.1,72.1
1690241816.0,397.1,28.5,79.5
1690241831.0,413.6,18.7,87.4
1690241846.0,419.6,45.2,91.4
1690241861.0,383.4,54.8,106.7
1690241876.0,358.0,29.3,96.8
1690241891.0,373.3,38.6,97.0
1690241906.0,379.8,23.7,84.8
1690241921.0,388.3,37.0,88.2
1690241936.0,383.9,41.1,69.4
1690241951.0,383.0,56.6,86.1
1690241966.0,395.3,40.6,95.8
1690241981.0,389.2,39.4,92.6
1690241996.0,394.1,40.5,87.4
1690242011.0,388.3,39.2,92.8
1690242026.0,393.6,43.3,95.5
1690242041.0,381.5,31.1,101.8
1690242056.0,364.7,34.7,105.1
1690242071.0,383.0,36.0,89.1
1690242086.0,386.7,33.5,89.8
1690242101.0,391.3,36.5,90.4
1690242116.0,392.0,37.4,90.3
1690242131.0,387.1,38.9,85.5
1690242146.0,388.3,37.3,80.2
1690242161.0,379.3,49.6,89.3
1690242176.0,388.5,40.8,92.9
1690242191.0,385.3,42.1,79.6
1690242206.0,378.8,37.9,81.6
1690242221.0,396.4,51.7,92.4
1690242236.0,386.8,39.9,89.0
1690242251.0,389.2,45.7,83.4
1690242266.0,366.2,31.6,59.2
1690242281.0,392.9,48.0,80.8
1690242296.0,382.5,44.3,76.1
1690242311.0,394.3,46.1,96.3
1690242326.0,402.4,38.0,71.6
1690242341.0,388.2,34.5,57.5
1690242356.0,398.1,37.4,67.9
1690242371.0,354.6,24.9,34.2
1690242386.0,399.5,15.5,65.8
1690242401.0,402.1,18.3,62.4
1690242416.0,395.1,39.7,88.2
1690242431.0,383.8,43.0,84.5
1690242446.0,388.2,39.0,89.6
1690242461.0,393.0,40.4,94.3
1690242476.0,395.1,40.5,95.4
1690242491.0,392.5,41.3,95.0
1690242506.0,403.5,56.0,99.6
1690242521.0,398.4,57.7,88.3
1690242536.0,374.8,53.6,80.7
1690242551.0,374.1,46.5,84.9
1690242566.0,387.6,36.4,82.2
1690242581.0,387.5,39.5,86.3
1690242596.0,376.4,47.2,80.5
1690242611.0,385.8,47.8,75.5
1690242626.0,375.1,53.4,76.9
1690242641.0,386.0,48.4,84.0
1690242656.0,390.4,55.3,86.2
1690242671.0,391.7,32.7,66.8
1690242686.0,414.1,23.1,66.5
1690242701.0,392.7,33.4,73.4
1690242716.0,383.4,36.4,69.9
1690242731.0,355.4,12.0,58.0
1690242761.0,395.3,43.4,67.7
1690242776.0,398.4,43.2,95.4
1690242791.0,398.7,41.7,88.2
1690242806.0,390.7,36.4,66.7
1690242821.0,391.5,34.9,79.9
1690242836.0,399.4,47.3,90.3
1690242851.0,394.1,42.8,87.9
1690242866.0,406.6,51.6,92.2
1690242881.0,404.3,48.3,90.3
1690242896.0,407.1,36.7,88.4
1690242911.0,384.4,43.3,80.9
1690242926.0,390.6,37.5,81.2
1690242941.0,402.6,43.4,89.7
1690242956.0,380.7,42.1,79.3
1690242971.0,395.6,58.8,89.4
1690242986.0,385.0,29.5,65.2
1690243001.0,396.8,42.6,77.5
1690243016.0,382.8,47.5,71.6
1690243031.0,384.7,35.6,77.6
1690243046.0,397.5,35.0,76.3
1690243061.0,386.9,36.3,76.0
1690243076.0,384.4,28.0,73.7
1690243091.0,390.5,36.6,81.8
1690243106.0,397.3,40.2,88.1
1690243121.0,382.3,34.0,80.9
1690243136.0,388.6,37.2,82.7
1690243151.0,382.3,36.4,78.2
1690243166.0,399.3,39.0,79.5
1690243181.0,391.8,34.0,80.1
1690243196.0,394.1,34.8,78.1
1690243211.0,391.8,28.2,81.8
1690243226.0,404.0,40.3,79.1
1690243241.0,401.1,39.0,76.6
1690243256.0,402.1,33.1,77.2
1690243271.0,405.1,44.2,82.8
1690243286.0,370.4,12.1,56.8
1690243301.0,398.3,40.5,80.8
1690243316.0,406.5,50.3,91.0
1690243331.0,400.5,49.5,83.5
1690243346.0,359.5,5.7,73.5
1690243361.0,412.0,51.9,96.4
1690243376.0,407.5,41.7,86.4
1690243391.0,395.8,36.1,81.4
1690243406.0,391.7,36.4,81.9
1690243421.0,383.1,39.0,71.8
1690243436.0,386.3,39.8,74.2
1690243451.0,386.7,38.2,74.4
1690243466.0,383.1,46.7,74.9
1690243481.0,396.3,42.1,68.1
1690243496.0,390.2,37.6,76.5
1690243511.0,397.3,33.5,83.0
1690243526.0,384.7,43.8,77.0
1690243541.0,414.8,53.1,90.2
1690243556.0,406.3,44.3,80.9
1690243571.0,404.7,37.3,84.1
1690243586.0,405.3,42.7,70.8
1690243601.0,396.9,45.5,81.2
1690243616.0,407.4,56.2,94.6
1690243631.0,408.3,41.8,79.6
1690243646.0,422.0,17.2,70.9
1690243661.0,396.7,37.4,73.1
1690243676.0,400.4,41.3,79.6
1690243691.0,401.1,48.5,78.3
1690243706.0,319.2,49.7,78.6
1690243721.0,376.7,26.6,53.3
1690243736.0,405.0,41.1,79.5
1690243751.0,399.8,48.2,84.7
1690243766.0,390.1,43.3,82.7
1690243781.0,394.6,42.2,79.1
1690243796.0,394.9,45.8,88.0
1690243811.0,387.3,40.1,73.4
1690243826.0,418.5,41.8,91.2
1690243841.0,401.0,36.4,78.2
1690243856.0,403.4,41.6,79.3
1690243871.0,395.3,40.2,77.3
1690243886.0,393.9,36.2,81.3
1690243901.0,398.0,39.1,82.1
1690243916.0,393.3,32.3,84.8
1690243931.0,387.5,19.2,55.3
1690243946.0,386.3,36.9,72.7
1690243961.0,383.0,41.9,71.1
1690243976.0,393.9,32.3,82.2
1690243991.0,399.6,38.8,73.9
1690244006.0,400.8,37.6,76.9
1690244021.0,397.9,42.3,78.2
1690244036.0,400.6,40.3,84.4
1690244051.0,369.7,31.6,55.8
1690244066.0,389.4,31.8,79.4
1690244081.0,384.7,31.3,73.3
1690244096.0,394.7,38.7,79.7
1690244111.0,403.4,35.7,81.5
1690244126.0,404.5,39.9,84.2
1690244141.0,385.1,24.8,72.3
1690244156.0,400.1,33.9,77.8
1690244171.0,395.8,43.4,70.0
1690244186.0,393.8,29.8,74.1
1690244201.0,413.2,34.2,91.4
1690244216.0,402.8,36.2,77.3
1690244231.0,402.6,49.8,88.7
1690244246.0,388.4,33.9,84.4
1690244261.0,373.1,60.8,74.6
1690244276.0,387.9,40.7,64.2
1690244291.0,335.8,3.7,61.0
1690244306.0,337.9,-0.9,56.8
1690244321.0,317.1,6.1,61.1
1690244336.0,332.7,-3.6,50.4
1690244351.0,325.6,-2.5,61.5
1690244366.0,330.2,-4.0,60.7
1690244381.0,325.4,-1.0,60.4
1690244396.0,325.1,-0.5,55.9
1690244411.0,321.6,2.3,54.7
1690244426.0,348.3,-10.0,55.6
1690244441.0,327.2,2.7,63.9
1690244456.0,332.1,-2.7,62.7
1690244471.0,394.2,47.3,103.8
1690244486.0,316.9,-0.3,49.2
1690244501.0,322.3,2.7,50.8
1690244516.0,337.2,8.9,57.2
1690244531.0,336.3,5.7,58.8
1690244546.0,335.2,2.3,54.2
1690244561.0,335.7,2.7,55.2
1690244576.0,362.1,-0.7,55.4
1690244591.0,315.9,5.6,47.7
1690244606.0,314.7,3.4,46.1
1690244621.0,317.4,2.2,46.8
1690244636.0,312.5,6.8,44.8
1690244651.0,311.6,5.9,47.4
1690244666.0,307.8,4.6,40.2
1690244681.0,307.7,10.0,36.6
1690244696.0,316.7,10.4,36.4
1690244711.0,313.1,6.1,36.3
1690244726.0,316.5,0.9,40.3
1690244741.0,304.3,1.0,41.1
1690244756.0,318.4,-2.2,41.2
1690244771.0,307.8,3.0,41.0
1690244786.0,313.6,-0.2,43.7
1690244801.0,324.9,-2.2,51.4
1690244816.0,325.4,-4.6,55.6
1690244831.0,321.4,-6.7,47.8
1690244846.0,344.0,-2.9,48.8
1690244861.0,415.0,43.6,91.3
1690244876.0,388.5,44.5,92.8
1690244891.0,380.9,65.2,78.3
1690244906.0,361.9,58.8,71.8
1690244921.0,384.6,48.8,83.6
1690244936.0,375.2,58.9,74.8
1690244951.0,386.4,59.7,77.8
1690244966.0,361.4,70.3,56.8
1690244981.0,414.9,28.9,73.3
1690244996.0,401.6,39.4,88.5
1690245011.0,397.2,37.5,80.9
1690245026.0,394.7,34.7,83.3
1690245041.0,392.0,40.4,86.0
1690245056.0,386.1,40.2,83.0
1690245071.0,380.9,36.6,81.0
1690245086.0,400.2,41.2,79.3
1690245101.0,397.3,46.2,88.6
1690245116.0,389.4,42.2,89.5
1690245131.0,390.0,43.0,86.9
1690245146.0,385.7,36.8,86.1
1690245161.0,382.7,35.8,84.8
1690245176.0,393.8,39.2,86.0
1690245191.0,385.2,40.4,82.4
1690245206.0,385.4,40.4,81.8
1690245221.0,393.0,42.1,87.2
1690245236.0,396.3,43.3,89.1
1690245251.0,392.0,43.6,89.3
1690245266.0,383.3,38.6,81.7
1690245281.0,384.0,35.5,80.2
1690245296.0,326.3,6.0,43.8
1690245311.0,316.3,-0.6,51.6
1690245326.0,312.7,9.9,54.2
1690245341.0,308.8,28.5,45.4
1690245356.0,326.6,22.0,40.3
1690245371.0,333.6,13.2,55.2
1690245386.0,323.5,21.7,39.4
1690245401.0,324.8,16.2,47.3
1690245416.0,398.5,59.2,89.7
1690245431.0,406.0,46.7,88.6
1690245446.0,371.3,55.0,89.8
1690245461.0,404.4,43.3,83.6
1690245476.0,382.0,43.2,83.3
1690245491.0,399.7,44.4,85.1
1690245506.0,376.8,45.7,79.9
1690245521.0,386.2,45.1,84.7
1690245536.0,347.1,2.5,62.4
1690245551.0,313.7,22.1,58.7
1690245566.0,394.6,43.5,91.1
1690245581.0,390.0,47.0,98.4
1690245596.0,401.3,43.7,92.4
1690245611.0,393.3,48.9,86.2
1690245626.0,391.5,51.8,89.7
1690245641.0,394.0,36.2,100.9
1690245656.0,388.3,39.5,89.3
1690245671.0,387.8,39.6,90.0
1690245686.0,389.6,43.1,89.2
1690245701.0,389.9,45.1,87.4
1690245716.0,389.2,40.0,89.4
1690245731.0,389.9,39.7,94.3
1690245746.0,396.5,36.4,76.9
1690245761.0,397.5,41.6,82.7
1690245776.0,382.2,47.5,84.3
1690245791.0,384.2,49.5,87.2
1690245806.0,385.8,47.7,77.4
1690245821.0,386.9,44.5,77.1
1690245836.0,406.0,47.7,93.1
1690245851.0,403.6,44.1,81.8
1690245866.0,399.1,44.3,85.4
1690245881.0,396.1,44.8,84.6
1690245896.0,394.9,42.2,86.9
1690245911.0,395.9,45.2,85.3
1690245926.0,397.3,44.2,85.6
1690245941.0,398.2,45.9,86.3
1690245956.0,383.4,42.9,84.1
1690245971.0,391.7,42.0,89.0
1690245986.0,397.5,47.7,89.7
1690246001.0,400.7,45.5,91.1
1690246016.0,394.4,43.6,90.5
1690246031.0,394.5,42.0,89.5
1690246046.0,374.5,41.3,81.8
1690246061.0,392.7,42.4,84.7
1690246076.0,384.7,43.7,78.4
1690246091.0,392.2,29.5,75.1
1690246106.0,383.2,37.2,84.4
1690246121.0,384.0,44.0,85.8
1690246136.0,387.6,44.7,90.6
1690246151.0,386.9,41.8,85.5
1690246166.0,391.9,43.7,80.8
1690246181.0,390.6,49.3,89.8
1690246196.0,398.4,48.3,88.7
1690246211.0,394.5,48.2,92.1
1690246226.0,405.2,47.1,92.3
1690246241.0,396.1,39.0,77.8
1690246256.0,389.7,36.6,71.3
1690246271.0,401.5,43.3,81.6
1690246286.0,408.3,46.8,87.1
1690246301.0,389.1,35.6,80.6
1690246316.0,402.0,42.7,90.3
1690246331.0,396.9,43.0,90.1
1690246346.0,396.0,42.9,90.8
1690246361.0,394.7,41.2,87.4
1690246376.0,393.9,43.4,90.4
1690246391.0,394.5,46.5,92.7
1690246406.0,391.3,43.7,91.9
1690246421.0,396.0,47.2,85.9
1690246436.0,386.8,44.5,82.5
1690246451.0,388.9,46.1,83.7
1690246466.0,390.4,45.3,87.0
1690246481.0,393.9,44.0,89.8
1690246496.0,389.3,39.4,82.2
1690246511.0,390.6,44.7,88.5
1690246526.0,396.6,29.2,96.9
1690246541.0,398.4,34.5,83.0
1690246556.0,386.4,41.3,79.5
1690246571.0,393.4,48.9,83.0
1690246586.0,383.6,44.1,78.5
1690246601.0,383.7,44.5,78.7
1690246616.0,382.0,20.3,81.1
1690246631.0,392.6,47.8,80.0
1690246646.0,393.7,47.8,85.7
1690246661.0,396.9,50.9,88.8
1690246676.0,396.9,50.5,91.9
1690246691.0,394.4,44.6,90.8
1690246706.0,385.5,40.9,84.4
1690246721.0,389.8,45.4,85.5
1690246736.0,389.5,43.2,83.4
1690246751.0,380.4,40.9,77.9
1690246766.0,393.5,48.5,84.6
1690246781.0,392.9,49.8,68.3
1690246796.0,408.7,49.7,94.6
1690246811.0,394.1,44.7,73.0
1690246826.0,384.7,45.3,73.1
1690246841.0,396.4,42.7,81.5
1690246856.0,386.1,42.8,76.9
1690246871.0,394.6,46.3,77.8
1690246886.0,391.1,41.5,77.8
1690246901.0,393.9,47.6,78.4
1690246916.0,395.1,42.1,84.2
1690246931.0,389.1,48.0,88.2
1690246946.0,389.4,47.3,78.7
1690246961.0,399.0,45.5,86.1
1690246976.0,410.6,49.2,76.5
1690246991.0,397.7,33.2,80.0
1690247006.0,397.8,27.8,76.3
1690247021.0,394.4,31.9,79.1
1690247036.0,409.9,47.1,75.4
1690247051.0,391.2,39.6,76.4
1690247066.0,377.1,46.6,70.7
1690247081.0,385.6,41.1,54.8
1690247096.0,405.2,53.8,64.9
1690247111.0,390.5,22.6,68.5
1690247126.0,403.5,42.3,77.5
1690247141.0,425.1,22.4,84.5
1690247156.0,399.8,46.6,80.9
1690247171.0,391.4,41.4,72.3
1690247186.0,387.3,30.4,75.4
1690247201.0,392.6,41.7,72.8
1690247216.0,356.9,11.2,52.6
1690247231.0,378.0,22.3,72.9
1690247246.0,387.8,35.0,79.5
1690247261.0,390.9,38.1,77.4
1690247276.0,374.5,37.1,77.0
1690247291.0,386.4,27.8,72.4
1690247306.0,392.0,44.5,65.6
1690247321.0,376.5,16.7,62.5
1690247336.0,401.5,51.1,74.9
1690247351.0,396.6,32.4,77.9
1690247366.0,386.3,45.6,85.0
1690247381.0,406.3,18.7,90.0
1690247396.0,376.2,28.4,105.2
1690247411.0,458.0,267.9,121.6
1690247426.0,461.4,265.2,125.0
1690247441.0,455.8,269.7,124.4
1690247456.0,467.9,269.9,117.3
1690247471.0,395.5,299.1,82.3
1690247486.0,445.5,303.7,123.2
1690247501.0,445.8,305.2,125.6
1690247516.0,430.3,311.8,127.0
1690247531.0,444.4,301.4,103.2
1690247546.0,453.3,294.6,118.4
1690247561.0,422.3,308.9,122.6
1690247576.0,587.4,257.5,91.0
1690247591.0,972.2,12.7,116.2
1690247606.0,976.1,-21.4,106.0
1690247621.0,1018.2,-48.8,161.4
1690247636.0,976.2,-46.5,110.9
1690247651.0,998.6,24.0,144.8
1690247666.0,1035.1,-53.7,189.8
1690247681.0,987.3,-41.6,124.5
1690247696.0,969.6,23.4,96.9
1690247711.0,984.6,25.3,131.2
1690247726.0,940.8,111.2,159.5
1690247741.0,957.7,110.5,160.6
1690247756.0,1003.6,44.8,170.5
1690247771.0,931.4,40.8,144.0
1690247786.0,942.2,79.4,114.7
1690247801.0,1002.4,89.9,154.8
1690247816.0,982.9,69.9,127.6
1690247831.0,971.5,-38.4,106.2
1690247846.0,966.7,-42.1,100.1
1690247861.0,963.7,-41.5,162.5
1690247876.0,972.3,-44.8,137.4
1690247891.0,989.8,-47.1,117.4
1690247906.0,977.6,-27.4,115.6
1690247921.0,946.8,-41.0,137.9
1690247936.0,960.4,-27.4,167.9
1690247951.0,950.1,-41.7,137.4
1690247966.0,969.1,-33.0,146.0
1690247981.0,928.5,-44.3,126.3
1690247996.0,935.6,-34.7,141.4
1690248011.0,931.4,-34.1,150.4
1690248026.0,855.5,-288.2,125.1
1690248041.0,864.6,-295.6,139.0
1690248056.0,856.4,-299.5,132.3
1690248071.0,852.4,-296.5,134.9
1690248086.0,869.0,-302.6,126.1
1690248101.0,688.8,-587.6,115.9
1690248116.0,599.5,-546.4,118.6
1690248131.0,728.7,-732.8,85.9
1690248146.0,737.3,-732.7,96.9
1690248161.0,706.6,-714.4,82.6
1690248176.0,721.9,-742.0,100.6
1690248191.0,712.3,-771.8,95.1
1690248221.0,693.9,-740.7,87.5
1690248236.0,690.7,-705.9,80.6
1690248251.0,734.0,-732.8,98.9
1690248266.0,684.6,-785.3,93.0
1690248281.0,777.5,-608.4,117.4
1690248296.0,916.4,-351.0,98.0
1690248311.0,751.4,-277.3,135.7
1690248326.0,741.8,-270.4,122.9
1690248341.0,728.5,-279.7,102.1
1690248356.0,481.7,-339.8,113.0
1690248371.0,396.5,-524.7,123.0
1690248386.0,281.3,-590.7,142.8
1690248401.0,333.6,-749.1,107.0
1690248416.0,349.1,-775.9,111.8
1690248431.0,346.4,-713.0,145.2
1690248446.0,370.6,-757.7,105.7
1690248461.0,341.0,-729.4,88.3
1690248476.0,347.9,-718.8,113.0
1690248491.0,327.6,-706.6,90.7
1690248506.0,336.6,-698.2,137.3
1690248521.0,333.1,-711.3,98.6
1690248536.0,336.3,-713.6,97.7
1690248551.0,327.4,-700.1,81.0
1690248566.0,330.8,-719.2,87.9
1690248581.0,349.8,-689.4,154.7
1690248596.0,336.9,-685.9,153.4
1690248611.0,328.7,-640.0,157.6
1690248626.0,76.4,-655.0,134.4
1690248641.0,74.9,-719.1,113.4
1690248656.0,130.6,-714.6,131.6
1690248671.0,73.8,-736.1,108.1
1690248686.0,91.1,-754.9,100.8
1690248701.0,84.7,-710.1,89.5
1690248716.0,102.5,-732.4,88.8
1690248731.0,94.1,-751.3,93.2
1690248746.0,85.0,-696.9,155.9
1690248761.0,89.1,-695.0,151.7
1690248776.0,97.5,-722.0,89.6
1690248791.0,101.8,-690.0,148.9
1690248806.0,163.8,-761.3,112.6
1690248821.0,152.0,-704.8,147.3
1690248836.0,149.5,-699.8,146.4
1690248851.0,123.5,-740.1,101.8
1690248866.0,153.9,-693.4,154.4
1690248881.0,147.7,-699.8,158.8
1690248896.0,142.1,-698.7,84.8
1690248911.0,137.4,-716.3,88.7
1690248926.0,145.3,-695.3,157.8
1690248941.0,152.2,-707.3,139.2
1690248956.0,159.7,-769.3,116.5
1690248971.0,161.7,-732.5,96.7
1690248986.0,136.0,-699.9,125.0
1690249001.0,145.0,-702.7,81.5
1690249016.0,143.4,-705.6,145.9
1690249031.0,152.6,-712.3,152.5
1690249046.0,123.4,-552.9,139.5
1690249061.0,109.6,-566.4,133.8
1690249076.0,-75.2,-238.9,95.9
1690249091.0,-102.5,-198.7,145.6
1690249106.0,-227.2,-156.5,106.9
1690249121.0,-263.4,-88.6,145.4
1690249136.0,-259.2,-61.0,144.1
1690249151.0,-242.5,-39.3,145.9
1690249166.0,-246.8,-123.5,95.1
1690249181.0,-245.2,-142.4,132.7
1690249196.0,-177.0,-65.7,84.5
1690249211.0,-202.4,-76.6,144.3
1690249226.0,-218.4,-58.2,110.5
1690249241.0,-252.4,-46.1,84.6
1690249256.0,-252.3,-25.8,62.8
1690249271.0,-217.1,-10.5,102.2
1690249286.0,-253.0,-30.0,68.0
1690249301.0,-253.5,-16.1,59.9
1690249316.0,-217.4,-47.3,137.7
1690249331.0,-227.3,-58.9,139.0
1690249346.0,-227.8,-59.3,122.0
1690249361.0,-281.2,-50.2,80.7
1690249376.0,-224.5,-46.3,113.5
1690249391.0,-256.7,-113.4,130.2
1690249406.0,-225.7,-48.6,140.2
1690249421.0,-212.2,-45.5,139.3
1690249436.0,-209.9,-48.5,136.2
1690249451.0,-211.0,-48.9,131.0
1690249466.0,-237.1,-48.9,112.5
1690249481.0,-252.7,-56.0,117.5
1690249496.0,-227.9,-52.9,120.8
1690249511.0,-230.8,-62.5,124.2
1690249526.0,-224.1,-60.8,128.7
1690249541.0,-235.3,-97.7,113.0
1690249556.0,-203.5,-91.8,123.6
1690249571.0,-227.2,-96.1,143.7
1690249586.0,-193.6,-93.2,151.6
1690249601.0,-145.0,-121.8,136.6
1690249616.0,-208.9,-88.4,131.9
1690249631.0,-193.3,-92.7,137.2
1690249646.0,-163.2,-124.9,142.7
1690249661.0,-176.1,-116.3,139.2
1690249676.0,-145.3,-200.0,86.1
1690249691.0,-202.1,-179.6,121.2
1690249706.0,-148.5,-228.9,135.6
1690249721.0,-153.1,-227.4,127.1
1690249736.0,-45.4,-339.3,134.1
1690249751.0,78.1,-304.4,129.3
1690249766.0,133.9,-235.7,98.8
1690249781.0,116.4,-85.9,85.3
1690249796.0,195.3,-70.6,104.9
1690249811.0,203.7,-82.5,129.0
1690249826.0,191.4,-20.3,79.4
1690249841.0,73.1,-12.3,101.2
1690249856.0,134.7,-47.2,106.9
1690249871.0,52.6,-112.1,90.6
1690249886.0,111.7,-62.8,115.6
1690249901.0,102.0,-52.5,95.7
1690249916.0,89.2,-71.8,101.1
1690249931.0,62.6,-100.5,97.2
1690249946.0,76.3,-127.5,106.8
1690249961.0,94.1,-53.3,105.1
1690249976.0,100.1,-59.9,125.2
1690249991.0,120.1,-56.6,124.7
1690250006.0,165.7,-43.2,73.1
1690250021.0,156.1,-47.3,138.8
1690250036.0,66.3,-37.6,114.9
1690250051.0,184.6,-94.6,105.8
1690250066.0,170.0,-56.1,69.2
1690250081.0,154.8,-59.9,132.9
1690250096.0,112.1,-62.8,141.4
1690250111.0,204.7,-34.2,68.0
1690250126.0,99.8,-36.8,76.1
1690250141.0,193.3,-21.5,81.3
1690250156.0,168.7,-62.2,131.9
1690250171.0,161.3,-57.2,139.1
1690250186.0,153.7,-51.4,119.0
1690250201.0,140.5,-64.7,116.7
1690250216.0,125.5,-60.9,130.1
1690250231.0,137.5,-62.9,134.1
1690250246.0,136.4,-65.1,119.6
1690250261.0,188.3,-22.6,89.5
1690250276.0,191.2,-21.2,92.6
1690250291.0,143.9,-31.6,106.6
1690250306.0,164.7,-59.1,123.1
1690250321.0,150.7,-54.9,121.8
1690250336.0,169.6,-60.8,127.5
1690250351.0,172.7,-59.7,132.6
1690250366.0,161.0,-54.4,131.4
1690250381.0,159.1,-54.8,123.2
1690250396.0,159.1,-58.3,127.7
1690250411.0,165.7,-53.5,135.4
1690250426.0,166.1,-53.2,129.9
1690250441.0,159.3,-57.2,132.3
1690250456.0,161.7,-62.3,139.9
1690250471.0,158.9,-60.7,139.7
1690250486.0,127.6,-69.8,118.5
1690250501.0,175.4,-60.3,141.5
1690250516.0,171.2,-66.9,129.6
1690250531.0,167.3,-68.2,132.7
1690250546.0,176.0,-63.0,140.2
1690250561.0,167.8,-51.3,130.3
1690250576.0,141.2,-66.4,129.3
1690250591.0,142.7,-64.1,132.4
1690250606.0,160.5,-61.6,133.2
1690250621.0,171.3,-89.4,137.3
1690250636.0,141.1,-101.7,130.2
1690250651.0,122.2,-103.7,102.0
1690250666.0,96.9,-77.3,124.7
1690250681.0,119.8,-61.5,129.2
1690250696.0,146.3,-51.5,138.4
1690250711.0,148.9,-54.5,128.2
1690250726.0,167.6,-62.1,141.1
1690250741.0,122.8,-73.2,130.7
1690250756.0,123.3,-44.4,86.1
1690250771.0,176.1,-27.5,130.3
1690250786.0,175.9,-29.7,141.3
1690250801.0,126.6,-62.5,118.7
1690250816.0,183.9,-12.1,108.7
1690250831.0,129.7,-63.2,127.3
1690250846.0,138.5,-44.1,120.3
1690250861.0,160.4,-52.6,139.5
1690250876.0,143.0,-42.1,133.1
1690250891.0,148.2,-57.9,135.8
1690250906.0,208.7,-109.8,125.7
1690250921.0,165.6,-56.2,130.4
1690250936.0,164.1,-68.4,125.0
1690250951.0,152.3,-55.0,130.3
1690250966.0,148.9,-67.9,128.6
1690250981.0,147.4,-67.7,129.7
1690250996.0,115.4,-40.2,112.8
1690251011.0,96.2,-59.8,132.4
1690251026.0,92.9,-70.1,132.4
1690251041.0,127.0,-75.5,117.6
1690251056.0,67.9,-61.2,114.3
1690251071.0,148.1,-70.6,130.0
1690251086.0,157.9,-119.3,135.4
1690251101.0,118.7,-126.7,132.4
1690251116.0,152.7,-107.7,136.9
1690251131.0,180.8,-131.7,127.9
1690251146.0,156.7,-134.6,130.9
1690251161.0,152.2,-131.4,124.0
1690251176.0,166.0,-132.0,142.9
1690251191.0,168.6,-132.4,123.8
1690251206.0,152.8,-128.9,129.3
1690251221.0,160.9,-125.8,125.4
1690251236.0,131.7,-112.8,114.3
1690251251.0,127.4,-118.8,118.1
1690251266.0,155.8,-118.2,138.3
1690251281.0,179.1,-131.6,141.6
1690251296.0,163.8,-137.0,136.3
1690251311.0,176.7,-131.5,129.6
1690251326.0,165.1,-135.8,121.8
1690251341.0,176.6,-130.3,131.8
1690251356.0,180.0,-129.3,137.5
1690251371.0,207.2,-118.9,118.6
1690251386.0,209.4,-114.9,114.6
1690251401.0,196.3,-115.0,122.0
1690251416.0,197.4,-114.0,130.1
1690251431.0,210.8,-142.4,128.6
1690251446.0,214.9,-87.2,122.5
1690251461.0,219.1,-84.6,129.9
1690251476.0,220.3,-116.9,96.5
1690251491.0,226.4,-91.7,103.6
1690251506.0,216.6,-84.9,113.1
1690251521.0,220.6,-106.0,125.3
1690251536.0,218.6,-104.6,121.7
1690251551.0,232.4,-125.3,105.0
1690251566.0,234.2,-114.8,112.3
1690251581.0,180.7,-115.2,119.4
1690251596.0,209.8,-115.9,128.8
1690251611.0,210.1,-111.7,116.0
1690251626.0,210.0,-173.3,75.9
1690251641.0,195.1,-124.9,128.3
1690251656.0,187.4,-193.2,91.6
1690251671.0,228.2,-248.8,129.6
1690251686.0,244.7,-285.2,99.7
1690251701.0,233.9,-268.3,86.4
1690251716.0,203.5,-918.4,102.4
1690251731.0,264.9,-364.2,61.8
1690251746.0,301.9,-303.8,135.7
1690251761.0,422.7,-249.3,132.3
1690251776.0,431.4,-249.2,134.9
1690251791.0,401.7,-240.4,81.9
1690251806.0,425.4,-199.4,103.7
1690251821.0,423.0,-76.0,107.7
1690251836.0,377.2,-23.5,90.5
1690251866.0,421.9,23.6,110.3
1690251881.0,397.9,-15.2,106.6
1690251896.0,381.2,-20.9,101.4
1690251911.0,392.6,-12.9,100.1
1690251926.0,400.5,-17.5,93.9
1690251941.0,388.1,-17.8,95.3
1690251956.0,383.7,-20.0,101.5
1690251971.0,383.5,-17.6,104.0
1690251986.0,385.9,-17.0,100.7
1690252001.0,382.4,-1.6,91.2
1690252016.0,395.5,17.0,90.9
1690252031.0,358.5,32.1,59.7
1690252046.0,449.3,20.8,176.6
1690252061.0,177.6,-51.4,-11.5
1690252076.0,388.3,-37.3,83.2
1690252091.0,343.3,-35.2,31.0
1690252106.0,nan,nan,nan
1690252121.0,392.3,-9.9,99.0
1690252136.0,391.1,-10.1,102.1
1690252151.0,483.2,119.6,262.1
1690252166.0,419.1,8.9,133.6
1690252181.0,393.2,-20.1,94.7
1690252196.0,337.1,15.9,47.0
1690252211.0,322.7,5.2,29.3
1690252226.0,751.9,-121.9,-8.5
1690252241.0,369.9,-1.7,83.6
1690252256.0,354.4,4.6,90.4
1690252271.0,371.1,1.6,68.0
1690252286.0,383.8,0.6,70.5
1690252301.0,405.5,17.3,91.7
1690252316.0,376.1,10.4,73.2
1690252331.0,371.5,4.4,83.2
1690252346.0,nan,nan,nan
1690252361.0,383.2,2.2,78.1
1690252376.0,375.9,6.3,79.2
1690252391.0,385.8,0.9,87.7
1690252406.0,365.7,6.8,83.1
1690252421.0,368.2,12.2,80.2
1690252436.0,382.7,8.4,81.2
1690252451.0,377.9,9.4,83.0
1690252466.0,380.1,7.9,80.6
1690252481.0,367.2,-4.4,92.4
1690252496.0,375.2,1.3,76.0
1690252511.0,387.5,5.5,87.8
1690252526.0,331.8,23.3,60.6
1690252541.0,577.9,224.2,488.4
1690252556.0,383.5,-16.1,78.9
1690252571.0,382.4,-3.0,68.9
1690252586.0,377.9,9.5,69.1
1690252601.0,373.9,5.1,85.0
1690252616.0,374.5,-2.8,85.1
1690252631.0,396.6,-1.6,90.2
1690252646.0,386.7,1.3,82.3
1690252661.0,384.1,-17.4,94.5
1690252676.0,386.4,-12.7,88.4
1690252691.0,392.1,-14.0,82.8
1690252706.0,385.5,-17.9,86.7
1690252721.0,411.4,16.1,29.0
1690252736.0,385.3,-16.8,88.2
1690252751.0,388.5,-13.7,93.9
1690252766.0,387.8,-18.2,98.7
1690252781.0,369.7,-29.2,54.4
1690252796.0,411.5,-23.0,75.6
1690252811.0,398.1,-19.1,94.8
1690252826.0,423.6,-32.2,88.0
1690252841.0,385.3,-0.4,82.0
1690252856.0,385.3,-22.8,102.0
1690252871.0,391.9,-21.1,92.9
1690252886.0,404.5,-22.7,93.7
1690252901.0,397.7,-30.7,89.0
1690252916.0,397.3,-30.1,89.3
1690252931.0,397.7,-29.1,89.9
1690252946.0,410.9,-9.0,111.5
1690252961.0,393.1,-28.7,88.1
1690252976.0,388.7,-11.9,80.9
1690252991.0,543.0,-40.9,0.8
1690253006.0,373.5,-10.0,66.7
1690253021.0,391.5,-17.6,85.9
1690253036.0,520.5,69.0,217.2
1690253051.0,390.0,-31.4,80.5
1690253066.0,415.6,-27.9,81.0
1690253081.0,392.7,-9.8,85.9
1690253096.0,384.2,-17.0,73.6
1690253111.0,400.6,-10.2,82.6
1690253126.0,394.5,-21.4,85.3
1690253141.0,369.3,-10.6,64.3
1690253156.0,395.7,-7.2,66.2
1690253171.0,396.2,-11.0,95.4
1690253186.0,399.0,-2.7,92.6
1690253201.0,381.1,-15.7,73.3
1690253216.0,364.9,-36.6,97.6
1690253231.0,413.1,16.8,118.4
1690253246.0,406.4,-32.9,128.4
1690253261.0,nan,nan,nan
1690253276.0,399.2,-25.0,65.3
1690253291.0,411.2,0.1,98.4
1690253306.0,362.6,-17.4,81.5
1690253321.0,373.9,-11.6,69.7
1690253336.0,461.5,-51.3,4.6
1690253351.0,297.3,48.0,-1.7
1690253366.0,371.6,-2.7,65.7
1690253381.0,-473.9,-92.5,141.5
1690253396.0,396.4,-38.7,128.2
1690253411.0,373.2,-4.7,73.6
1690253426.0,396.0,-20.8,76.3
1690253441.0,348.1,18.4,62.4
1690253456.0,377.4,-30.6,88.5
1690253471.0,387.0,-21.0,76.5
1690253486.0,387.4,-12.0,77.4
1690253501.0,338.1,-12.9,31.2
1690253516.0,426.1,6.0,112.8
1690253531.0,400.7,-10.2,98.7
1690253546.0,371.5,-9.8,68.4
1690253561.0,379.9,-14.7,77.9
1690253576.0,444.3,-28.5,137.2
1690253591.0,395.8,-16.5,88.2
1690253606.0,386.2,-13.5,73.1
1690253621.0,374.3,-22.1,63.9
1690253636.0,393.6,4.9,104.5
1690253651.0,399.5,-15.0,87.1
1690253666.0,369.3,-18.7,95.8
1690253696.0,246.6,-23.1,58.6
1690253711.0,407.5,-6.6,98.7
1690253726.0,365.5,-28.3,49.8
1690253741.0,327.5,-11.4,16.3
1690253756.0,397.7,-36.0,56.9
1690253771.0,352.6,-38.1,43.8
1690253786.0,403.6,-16.3,83.0
1690253801.0,422.3,1.3,106.6
1690253816.0,367.7,-44.8,111.2
1690253831.0,362.8,-15.1,45.8
1690253846.0,397.0,-18.8,78.5
1690253861.0,381.4,-8.0,61.2
1690253876.0,393.7,-19.4,77.0
1690253891.0,382.2,-17.9,67.2
1690253906.0,380.0,-9.6,74.9
1690253921.0,394.0,-18.4,82.8
1690253936.0,400.6,-24.2,79.8
1690253951.0,367.2,-52.0,102.5
1690253966.0,397.9,-15.9,84.3
1690253981.0,379.6,-4.2,58.5
1690253996.0,397.2,-24.5,69.6
1690254011.0,-128.1,411.6,-364.4
1690254026.0,379.9,-13.2,69.1
1690254041.0,384.2,-25.5,80.4
1690254056.0,370.5,-24.2,52.3
1690254071.0,389.2,-27.5,79.9
1690254086.0,404.7,-10.7,95.0
1690254101.0,384.0,-28.8,79.8
1690254116.0,513.4,113.3,-50.3
1690254131.0,178.6,-119.2,216.0
1690254146.0,380.5,-21.5,78.3
1690254161.0,187.8,-129.1,70.3
1690254176.0,389.2,-9.9,77.9
1690254191.0,393.5,-17.9,75.1
1690254206.0,380.8,-7.6,60.0
1690254221.0,403.3,-14.2,88.5
1690254236.0,390.3,-14.5,77.3
1690254251.0,392.6,-18.6,76.9
1690254266.0,377.8,4.6,49.9
1690254281.0,307.9,-68.7,128.5
1690254296.0,416.9,-20.0,79.3
1690254311.0,417.9,16.7,125.4
1690254326.0,403.9,-11.5,82.3
1690254341.0,366.3,-30.7,82.5
1690254356.0,242.3,18.9,-29.1
1690254371.0,366.3,-30.8,69.0
1690254386.0,372.9,4.5,65.6
1690254401.0,440.3,-56.3,86.9
1690254416.0,439.8,-30.3,155.0
1690254431.0,415.2,-21.3,106.3
1690254446.0,nan,nan,nan
1690254461.0,396.3,-12.8,105.2
1690254476.0,358.8,-33.1,93.1
1690254491.0,-420.2,3.9,57.1
1690254506.0,377.8,10.1,61.7
1690254521.0,321.0,-3.9,32.7
1690254536.0,401.6,-7.4,93.0
1690254551.0,373.8,11.6,86.3
1690254566.0,383.3,-3.1,73.6
1690254581.0,375.5,-4.0,75.2
1690254596.0,371.7,0.5,74.4
1690254611.0,380.5,-4.4,88.5
1690254626.0,380.8,-13.4,86.6
1690254641.0,373.0,-16.5,97.1
1690254656.0,376.3,-11.9,71.9
1690254671.0,405.3,3.5,96.8
1690254686.0,374.2,-11.3,83.7
1690254701.0,418.1,-0.1,104.7
1690254716.0,396.8,18.2,109.5
1690254731.0,418.0,-16.5,107.9
1690254746.0,400.9,-1.1,86.5
1690254761.0,416.0,-33.5,87.5
1690254776.0,423.2,-13.7,108.2
1690254791.0,406.1,-17.8,103.5
1690254806.0,354.5,-53.5,69.3
1690254821.0,412.2,-13.6,103.1
1690254836.0,411.9,-20.7,71.0
1690254851.0,402.5,-12.6,94.1
1690254866.0,388.6,-20.9,87.9
1690254881.0,409.8,-21.9,75.7
1690254896.0,400.5,-18.5,85.7
1690254911.0,390.1,-21.2,86.6
1690254926.0,411.4,21.2,126.4
1690254941.0,410.0,-11.8,97.5
1690254956.0,375.1,-22.4,77.5
1690254971.0,378.6,-15.8,96.2
1690254986.0,419.7,-45.4,37.6
1690255001.0,377.6,-23.5,73.5
1690255016.0,307.2,-128.8,472.0
1690255031.0,401.8,7.4,104.8
1690255046.0,436.2,-17.7,129.8
1690255061.0,328.5,89.9,-49.5
1690255076.0,385.4,-4.7,83.0
1690255091.0,395.7,-16.3,83.1
1690255106.0,402.2,-11.1,82.9
1690255121.0,-809.1,-112.9,-604.6
1690255136.0,422.3,-7.2,98.2
1690255151.0,381.8,81.2,-57.2
1690255166.0,396.1,22.2,22.3
1690255181.0,400.1,-5.5,86.3
1690255196.0,378.1,-10.6,84.6
1690255211.0,381.0,-20.4,90.3
1690255226.0,372.6,-10.6,65.1
1690255241.0,409.8,-4.5,84.3
1690255256.0,360.0,-19.1,101.1
1690255271.0,395.4,-5.9,94.9
1690255286.0,390.1,-6.3,75.7
1690255301.0,396.3,-11.6,80.9
1690255316.0,394.0,-10.4,75.5
1690255331.0,399.6,-8.7,82.6
1690255346.0,352.7,-35.6,81.1
1690255361.0,266.0,-4.9,-12.7
1690255376.0,414.8,-27.0,61.1
1690255391.0,403.3,-10.2,80.3
1690255406.0,373.8,2.2,67.0
1690255421.0,372.3,-20.6,75.3
1690255436.0,415.3,4.0,104.4
1690255451.0,387.9,-12.5,92.9
1690255466.0,406.1,-10.8,79.0
1690255481.0,381.0,-4.5,74.5
1690255496.0,473.1,-5.4,168.3
1690255526.0,396.9,-10.1,81.8
1690255541.0,359.0,-34.4,55.6
1690255556.0,389.3,-15.0,82.5
1690255571.0,391.0,-18.0,82.6
1690255586.0,384.8,-17.0,84.2
1690255601.0,389.8,-23.8,84.4
1690255616.0,390.9,-24.5,87.7
1690255631.0,401.9,-20.4,84.1
1690255646.0,391.0,-18.0,80.9
1690255661.0,392.1,-31.7,86.4
1690255676.0,403.2,-20.1,85.3
1690255691.0,427.2,-40.4,85.5
1690255706.0,402.0,-21.0,90.8
1690255721.0,403.3,-23.2,89.0
1690255736.0,395.2,-22.7,88.9
1690255751.0,403.9,-12.9,86.3
1690255766.0,414.1,-19.5,99.0
1690255781.0,425.5,-0.8,78.0
1690255796.0,421.9,-34.5,119.0
1690255811.0,439.8,-32.3,132.0
1690255826.0,409.8,-16.6,101.3
1690255841.0,412.8,-39.6,126.2
1690255856.0,378.6,-55.0,108.2
1690255871.0,407.5,-39.5,131.1
1690255886.0,383.4,-31.5,102.9
1690255901.0,375.6,-65.0,103.3
1690255916.0,398.8,-46.4,109.0
1690255931.0,379.9,-38.1,116.7
1690255946.0,377.1,-48.8,109.2
1690255961.0,385.4,-47.6,120.1
1690255976.0,372.7,-48.5,107.1
1690255991.0,386.7,-57.9,118.9
1690256006.0,387.9,-45.1,104.0
1690256021.0,333.8,-68.5,112.7
1690256036.0,390.4,-65.3,63.6
1690256051.0,383.5,-55.3,100.6
1690256066.0,412.8,-65.3,89.6
1690256081.0,363.1,-56.1,76.5
1690256096.0,364.3,-63.5,89.8
1690256111.0,367.3,-56.6,111.7
1690256126.0,358.1,-19.4,75.0
1690256141.0,361.7,-8.3,70.6
1690256156.0,381.9,-54.2,88.3
1690256171.0,389.2,-16.0,87.1
1690256186.0,361.3,-28.2,76.6
1690256201.0,385.6,-25.1,84.2
1690256216.0,423.3,5.0,70.1
1690256231.0,434.2,5.5,65.2
1690256246.0,369.1,-31.9,85.8
1690256261.0,381.0,-15.2,82.0
1690256276.0,371.3,-14.2,75.8
1690256291.0,382.9,-22.9,80.8
1690256306.0,370.0,-25.1,78.4
1690256321.0,429.6,9.5,70.1
1690256336.0,371.5,-25.4,73.8
1690256351.0,392.2,5.3,65.0
1690256366.0,381.9,-14.3,90.2
1690256381.0,392.0,-18.3,96.3
1690256396.0,412.4,-27.1,80.9
1690256411.0,401.0,-26.7,88.7
1690256426.0,407.7,-30.1,80.5
1690256441.0,393.4,-30.7,97.1
1690256456.0,392.2,-28.3,102.0
1690256471.0,404.0,-48.4,85.7
1690256486.0,406.0,-2.7,58.6
1690256501.0,381.9,-17.9,96.5
1690256516.0,381.3,-28.9,79.9
1690256531.0,383.5,-4.3,60.1
1690256546.0,401.8,-39.6,43.4
1690256561.0,377.1,-11.6,81.3
1690256576.0,376.1,17.5,44.0
1690256591.0,371.7,-13.7,76.0
1690256606.0,376.2,-15.6,69.4
1690256621.0,363.4,-4.4,65.1
1690256636.0,380.3,-26.3,82.7
1690256651.0,386.9,-27.2,93.2
1690256666.0,414.6,-40.2,81.3
1690256681.0,384.4,-24.5,95.1
1690256696.0,385.2,-27.0,94.6
1690256711.0,389.6,-26.1,96.6
1690256726.0,383.9,-29.1,94.0
1690256741.0,395.4,-26.0,98.2
1690256756.0,398.2,-28.6,99.5
1690256771.0,395.6,-27.0,99.3
1690256786.0,380.2,-29.1,95.7
1690256801.0,379.5,-31.9,92.5
1690256816.0,375.7,-31.9,89.5
1690256831.0,374.4,-35.0,101.1
1690256846.0,373.3,-32.1,90.9
1690256861.0,374.4,-24.8,92.5
1690256876.0,378.5,-19.1,87.5
1690256891.0,398.0,-25.5,78.3
1690256906.0,393.2,-27.5,89.7
1690256921.0,416.2,-32.4,67.8
1690256936.0,401.4,-34.0,81.4
1690256951.0,415.6,-36.5,76.2
1690256966.0,424.4,-38.5,65.8
1690256981.0,402.2,-31.6,79.9
1690256996.0,400.4,-38.5,83.6
1690257011.0,422.3,-29.3,62.9
1690257026.0,415.6,-35.0,67.1
1690257041.0,399.2,-27.6,78.8
1690257056.0,377.4,-33.8,100.1
1690257071.0,384.2,-26.9,94.2
1690257086.0,388.4,-31.1,88.7
1690257101.0,389.7,-29.0,90.5
1690257116.0,385.4,-23.9,86.7
1690257131.0,378.7,-22.5,94.1
1690257146.0,376.9,-22.3,95.5
1690257161.0,380.9,-23.1,92.2
1690257176.0,385.6,6.3,52.1
1690257191.0,441.2,5.2,64.9
1690257206.0,447.1,1.1,61.0
1690257221.0,441.1,-0.9,54.7
1690257236.0,445.1,1.3,58.9
1690257251.0,448.6,0.5,60.4
1690257266.0,433.0,6.9,51.6
1690257281.0,447.9,5.8,51.6
1690257296.0,455.1,7.2,67.7
1690257311.0,445.9,5.3,65.5
1690257326.0,447.6,1.6,64.5
1690257341.0,444.8,17.5,57.1
1690257356.0,451.4,8.5,56.2
1690257371.0,448.8,2.6,61.7
1690257386.0,443.8,1.9,58.4
1690257401.0,439.3,5.4,60.4
1690257416.0,448.1,1.8,58.0
1690257431.0,449.7,3.7,63.9
1690257446.0,454.6,-1.8,61.2
1690257461.0,435.6,3.2,62.3
1690257476.0,368.8,-25.3,50.0
1690257491.0,394.0,-23.5,71.6
1690257506.0,367.0,-33.7,87.1
1690257521.0,378.3,-30.9,91.2
1690257536.0,377.4,-27.8,90.7
1690257551.0,376.4,-24.7,96.5
1690257566.0,354.2,-7.2,88.1
1690257581.0,386.3,-13.5,77.9
1690257596.0,377.8,-13.2,81.4
1690257611.0,380.0,-13.4,84.7
1690257626.0,381.6,-16.6,88.1
1690257641.0,378.3,-15.2,83.8
1690257656.0,384.2,-17.4,83.4
1690257671.0,378.5,-16.4,92.7
1690257686.0,381.3,-18.5,93.0
1690257701.0,385.7,-29.3,90.4
1690257716.0,402.2,-33.1,83.2
1690257731.0,386.4,-29.1,89.4
1690257746.0,383.1,-29.9,88.4
1690257761.0,385.4,-20.2,93.5
1690257776.0,385.8,-19.5,94.3
1690257791.0,385.0,-24.9,95.3
1690257806.0,383.5,-21.3,92.8
1690257821.0,381.4,-24.9,94.4
1690257836.0,382.6,-28.8,92.5
1690257851.0,376.2,-19.8,100.7
1690257866.0,392.9,-28.3,95.3
1690257881.0,381.1,-23.8,100.7
1690257896.0,387.8,-26.0,94.6
1690257911.0,381.0,-28.6,92.6
1690257926.0,382.8,-21.0,95.2
1690257941.0,380.6,-21.4,98.7
1690257956.0,379.2,-22.6,103.8
1690257971.0,382.1,-26.2,100.6
1690257986.0,387.4,-28.9,89.1
1690258001.0,375.1,-23.3,96.5
1690258016.0,372.7,-22.2,96.2
1690258031.0,370.0,-23.9,99.2
1690258046.0,366.3,-21.8,97.4
1690258061.0,374.9,-22.6,97.7
1690258076.0,373.4,-23.5,101.0
1690258091.0,371.0,-21.5,99.1
1690258106.0,398.6,-26.1,81.5
1690258121.0,377.7,-27.4,102.7
1690258136.0,377.8,-22.7,97.3
1690258151.0,380.3,-26.5,94.0
1690258166.0,373.4,-25.7,105.6
1690258181.0,380.5,-26.2,94.7
1690258196.0,372.5,-22.4,100.5
1690258211.0,373.5,-22.8,69.8
1690258226.0,381.5,-28.6,88.0
1690258241.0,388.7,-35.4,86.9
1690258256.0,403.8,-36.3,86.4
1690258271.0,398.4,-30.3,92.7
1690258286.0,403.0,-30.6,96.1
1690258301.0,414.5,-45.2,83.9
1690258316.0,393.9,4.4,56.7
1690258331.0,435.7,7.8,61.8
1690258346.0,388.9,-31.5,95.1
1690258361.0,378.8,-21.4,98.1
1690258376.0,371.7,-22.0,66.0
1690258391.0,366.0,-21.1,73.6
1690258406.0,347.1,-42.4,91.7
1690258421.0,372.4,-17.1,70.8
1690258436.0,429.7,5.0,59.3
1690258451.0,453.2,-11.0,69.6
1690258466.0,387.1,-18.0,73.0
1690258481.0,376.6,-7.9,69.3
1690258496.0,378.9,-3.3,63.0
1690258511.0,372.0,-1.7,66.0
1690258526.0,371.1,-0.6,79.5
1690258541.0,371.9,-5.6,67.5
1690258556.0,427.6,8.0,55.5
1690258571.0,447.0,4.1,60.9
1690258586.0,449.3,1.1,59.3
1690258601.0,430.6,14.4,45.4
1690258616.0,448.6,2.3,65.1
1690258631.0,446.8,3.1,65.4
1690258646.0,449.0,1.6,62.5
1690258661.0,451.4,-0.8,66.9
1690258676.0,445.2,2.3,66.8
1690258691.0,452.3,5.1,57.5
1690258706.0,441.3,5.1,69.2
1690258721.0,447.4,2.4,62.1
1690258736.0,451.0,-1.0,63.7
1690258751.0,463.4,-1.4,57.2
1690258766.0,435.7,0.4,68.8
1690258781.0,450.6,-2.4,65.2
1690258796.0,436.5,8.2,51.7
1690258811.0,447.2,-3.2,65.2
1690258826.0,443.6,1.4,60.4
1690258841.0,403.8,31.9,35.1
1690258856.0,444.1,3.4,53.7
1690258871.0,450.2,2.0,63.7
1690258886.0,452.2,1.4,66.9
1690258901.0,381.5,-30.8,111.3
1690258916.0,409.0,-25.7,101.3
1690258931.0,379.8,-43.9,94.0
1690258946.0,343.6,-38.6,66.2
1690258961.0,389.0,0.3,68.4
1690258976.0,361.5,-18.1,84.0
1690258991.0,369.5,-17.8,92.8
1690259006.0,374.6,-17.2,88.9
1690259021.0,368.0,-16.2,89.1
1690259036.0,372.1,-20.2,90.0
1690259051.0,371.1,-20.2,92.8
1690259066.0,367.6,-17.3,90.5
1690259081.0,365.9,-16.9,87.1
1690259096.0,371.2,-20.7,85.8
1690259111.0,375.1,-16.1,83.6
1690259126.0,371.6,-17.9,83.5
1690259141.0,372.3,-17.8,83.4
1690259171.0,376.5,-26.4,79.9
1690259186.0,372.8,-21.4,80.9
1690259201.0,376.2,-21.7,83.5
1690259216.0,375.9,-19.1,88.7
1690259231.0,372.4,-14.8,88.3
1690259246.0,390.3,-34.9,87.7
1690259261.0,371.0,-19.4,89.0
1690259276.0,371.1,-19.1,87.1
1690259291.0,370.8,-18.8,87.6
1690259306.0,370.5,-18.2,87.8
1690259321.0,380.8,-26.0,85.8
1690259336.0,369.8,-18.6,87.6
1690259351.0,375.9,-21.7,87.5
1690259366.0,373.7,-20.9,85.8
1690259381.0,372.8,-20.2,86.1
1690259396.0,372.2,-21.8,88.8
1690259411.0,376.1,-20.9,90.3
1690259426.0,373.6,-20.4,90.0
1690259441.0,371.4,-22.5,85.6
1690259456.0,373.3,-12.3,83.6
1690259471.0,371.8,-11.4,84.3
1690259486.0,376.5,-15.2,87.5
1690259501.0,382.9,-23.0,82.0
1690259516.0,388.4,-29.9,89.1
1690259531.0,374.4,-20.9,87.2
1690259546.0,380.2,-20.6,78.2
1690259561.0,381.9,-18.4,81.2
1690259576.0,366.0,-14.5,84.9
1690259591.0,372.9,-13.0,81.0
1690259606.0,394.0,-29.9,73.8
1690259621.0,373.5,-7.9,79.1
1690259636.0,382.1,-22.3,78.0
1690259651.0,377.3,-9.6,81.2
1690259666.0,376.4,-8.2,81.8
1690259681.0,377.0,-9.8,81.9
1690259696.0,384.7,-15.5,80.6
1690259711.0,401.6,-30.2,81.7
1690259726.0,395.6,-20.9,88.1
1690259741.0,390.3,-34.2,72.6
1690259756.0,386.8,-20.5,82.6
1690259771.0,383.8,-19.3,84.0
1690259786.0,396.7,-24.9,73.7
1690259801.0,380.4,-10.8,82.1
1690259816.0,403.9,-32.3,77.1
1690259831.0,380.0,-18.2,83.6
1690259846.0,390.1,-18.1,84.2
1690259861.0,395.6,-17.7,81.1
1690259876.0,382.6,-15.3,76.4
1690259891.0,400.0,-25.7,86.2
1690259906.0,368.5,-21.1,84.3
1690259921.0,378.8,-20.1,80.3
1690259936.0,378.3,-17.0,80.4
1690259951.0,375.7,-19.2,85.4
1690259966.0,377.0,-21.8,80.9
1690259981.0,400.8,-39.5,72.7
1690259996.0,382.9,-23.2,86.4
1690260011.0,382.5,-21.8,82.5
1690260026.0,398.9,-19.2,75.6
1690260041.0,398.9,-4.8,75.1
1690260056.0,381.1,-21.8,86.9
1690260071.0,368.9,-27.1,84.7
1690260086.0,374.4,-24.5,81.2
1690260101.0,365.4,-22.1,84.5
1690260116.0,371.9,-24.9,83.5
1690260131.0,379.1,-12.8,85.9
1690260146.0,374.3,-19.9,87.8
1690260161.0,382.7,-20.2,80.8
1690260176.0,364.9,-34.2,88.3
1690260191.0,370.0,-26.3,88.7
1690260206.0,375.6,-17.1,88.4
1690260221.0,380.4,-36.4,86.9
1690260236.0,381.5,-21.4,78.4
1690260251.0,382.0,-16.8,94.2
1690260266.0,383.1,-21.1,84.0
1690260281.0,379.1,-17.7,88.2
1690260296.0,398.3,-36.4,79.1
1690260311.0,385.1,-31.7,82.8
1690260326.0,381.6,-20.8,95.4
1690260341.0,382.4,-17.5,93.0
1690260356.0,380.9,-16.9,93.3
1690260371.0,397.4,-35.6,78.5
1690260386.0,390.4,-35.7,82.2
1690260401.0,416.6,-42.8,72.0
1690260416.0,367.6,-34.7,87.3
1690260431.0,378.1,-23.4,79.9
1690260446.0,370.8,-18.0,82.5
1690260461.0,398.0,-40.3,71.7
1690260476.0,368.1,-26.4,76.2
1690260491.0,389.6,-27.6,76.8
1690260506.0,360.0,-15.2,84.4
1690260521.0,365.6,-20.0,86.2
1690260536.0,374.4,-20.4,85.5
1690260551.0,364.8,-22.6,83.5
1690260566.0,368.5,-23.0,89.7
1690260581.0,373.6,-15.9,85.6
1690260596.0,371.5,-26.3,82.0
1690260611.0,361.6,-24.1,78.8
1690260626.0,362.6,-23.9,74.3
1690260641.0,421.4,-52.8,93.3
1690260656.0,368.1,-15.6,86.6
1690260671.0,363.3,-21.1,80.8
1690260686.0,371.9,-25.9,84.4
1690260701.0,367.7,-24.6,81.3
1690260716.0,377.2,-20.3,88.5
1690260731.0,373.6,-18.0,86.7
1690260746.0,377.0,-18.9,88.5
1690260761.0,371.0,-20.9,82.2
1690260776.0,365.5,-27.3,78.4
1690260791.0,366.1,-24.3,88.0
1690260806.0,369.9,-23.4,85.9
1690260821.0,383.0,-26.9,81.7
1690260836.0,361.3,-20.4,85.4
1690260851.0,366.0,-19.7,85.2
1690260866.0,369.1,-22.7,83.4
1690260881.0,371.3,-22.7,86.3
1690260896.0,367.7,-19.0,84.4
1690260911.0,381.7,-29.8,106.3
1690260926.0,374.4,-19.3,77.0
1690260941.0,370.1,-29.5,80.9
1690260956.0,373.4,-28.5,86.3
1690260971.0,360.7,-20.0,84.4
1690260986.0,361.3,-29.2,83.4
1690261001.0,400.6,-47.9,85.8
1690261016.0,372.4,-27.9,85.4
1690261031.0,376.2,-25.7,80.6
1690261046.0,367.1,-27.6,85.1
1690261061.0,372.1,-24.4,82.9
1690261076.0,383.5,-21.2,80.9
1690261091.0,367.7,-18.2,82.1
1690261106.0,377.0,-20.4,88.9
1690261121.0,367.6,-24.2,91.7
1690261136.0,367.8,-26.0,92.4
1690261151.0,360.2,-30.4,77.8
1690261166.0,365.0,-19.1,78.9
1690261181.0,370.6,-15.5,84.3
1690261196.0,364.8,-18.8,75.5
